# Exported from Wings 3D 1.5.4
mtllib rotanev_lv_engine_s1p5_1_collider.mtl
o collider
#16 vertices, 10 faces
v 0.75000000 1.50000000 0.0000000e+0
v 0.53033009 1.50000000 0.53033009
v 3.2046467e-17 1.50000000 0.75000000
v -0.53033009 1.50000000 0.53033009
v -0.75000000 1.50000000 9.1848510e-17
v -0.53033009 1.50000000 -0.53033009
v -1.5165055e-16 1.50000000 -0.75000000
v 0.53033009 1.50000000 -0.53033009
v 0.75000000 -1.50000000 0.0000000e+0
v 0.53033009 -1.50000000 0.53033009
v 3.2046467e-17 -1.50000000 0.75000000
v -0.53033009 -1.50000000 0.53033009
v -0.75000000 -1.50000000 9.1848510e-17
v -0.53033009 -1.50000000 -0.53033009
v -1.5165055e-16 -1.50000000 -0.75000000
v 0.53033009 -1.50000000 -0.53033009
vn 0.0000000e+0 1.00000000 0.0000000e+0
vn 0.92387953 0.0000000e+0 -0.38268343
vn 0.92387953 0.0000000e+0 0.38268343
vn 0.0000000e+0 1.00000000 0.0000000e+0
vn 0.38268343 0.0000000e+0 0.92387953
vn 0.92387953 0.0000000e+0 0.38268343
vn 0.0000000e+0 1.00000000 0.0000000e+0
vn -0.38268343 0.0000000e+0 0.92387953
vn 0.38268343 0.0000000e+0 0.92387953
vn 0.0000000e+0 1.00000000 0.0000000e+0
vn -0.92387953 0.0000000e+0 0.38268343
vn -0.38268343 0.0000000e+0 0.92387953
vn 0.0000000e+0 1.00000000 0.0000000e+0
vn -0.92387953 0.0000000e+0 -0.38268343
vn -0.92387953 0.0000000e+0 0.38268343
vn 0.0000000e+0 1.00000000 0.0000000e+0
vn -0.38268343 0.0000000e+0 -0.92387953
vn -0.92387953 0.0000000e+0 -0.38268343
vn 0.0000000e+0 1.00000000 0.0000000e+0
vn 0.38268343 0.0000000e+0 -0.92387953
vn -0.38268343 0.0000000e+0 -0.92387953
vn 0.0000000e+0 1.00000000 0.0000000e+0
vn 0.92387953 0.0000000e+0 -0.38268343
vn 0.38268343 0.0000000e+0 -0.92387953
vn 0.0000000e+0 -1.00000000 2.0934566e-16
vn 0.92387953 0.0000000e+0 -0.38268343
vn 0.92387953 0.0000000e+0 0.38268343
vn 0.0000000e+0 -1.00000000 2.0934566e-16
vn 0.38268343 0.0000000e+0 0.92387953
vn 0.92387953 0.0000000e+0 0.38268343
vn 0.0000000e+0 -1.00000000 2.0934566e-16
vn -0.38268343 0.0000000e+0 0.92387953
vn 0.38268343 0.0000000e+0 0.92387953
vn 0.0000000e+0 -1.00000000 2.0934566e-16
vn -0.92387953 0.0000000e+0 0.38268343
vn -0.38268343 0.0000000e+0 0.92387953
vn 0.0000000e+0 -1.00000000 2.0934566e-16
vn -0.92387953 0.0000000e+0 -0.38268343
vn -0.92387953 0.0000000e+0 0.38268343
vn 0.0000000e+0 -1.00000000 2.0934566e-16
vn -0.38268343 0.0000000e+0 -0.92387953
vn -0.92387953 0.0000000e+0 -0.38268343
vn 0.0000000e+0 -1.00000000 2.0934566e-16
vn 0.38268343 0.0000000e+0 -0.92387953
vn -0.38268343 0.0000000e+0 -0.92387953
vn 0.0000000e+0 -1.00000000 2.0934566e-16
vn 0.92387953 0.0000000e+0 -0.38268343
vn 0.38268343 0.0000000e+0 -0.92387953
g collider_default
usemtl default
s 1
f 1//2 9//26 16//47 8//23
f 4//12 12//36 11//32 3//8
f 6//18 14//42 13//38 5//14
s 2
f 2//6 10//30 9//27 1//3
f 5//15 13//39 12//35 4//11
f 7//21 15//45 14//41 6//17
s 3
f 1//1 8//22 7//19 6//16 5//13 4//10 3//7 2//4
f 10//28 11//31 12//34 13//37 14//40 15//43 16//46 9//25
s 4
f 3//9 11//33 10//29 2//5
f 8//24 16//48 15//44 7//20
