# Exported from Wings 3D 1.5.4
mtllib ./fuel tank 1m.mtl
o 1
#84 vertices, 52 faces
v 0.93750000 0.50000000 -2.0961242e-18
v 0.90555546 0.50000000 0.24264285
v 0.81189882 0.50000000 0.46875000
v 0.66291261 0.50000000 0.66291261
v 0.46875000 0.50000000 0.81189882
v 0.24264285 0.50000000 0.90555546
v 4.8731701e-17 0.50000000 0.93750000
v -0.24264285 0.50000000 0.90555546
v -0.46875000 0.50000000 0.81189882
v -0.66291261 0.50000000 0.66291261
v -0.81189882 0.50000000 0.46875000
v -0.90555546 0.50000000 0.24264285
v -0.93750000 0.50000000 1.1271451e-16
v -0.90555546 0.50000000 -0.24264285
v -0.81189882 0.50000000 -0.46875000
v -0.66291261 0.50000000 -0.66291261
v -0.46875000 0.50000000 -0.81189882
v -0.24264285 0.50000000 -0.90555546
v -1.8088957e-16 0.50000000 -0.93750000
v 0.24264285 0.50000000 -0.90555546
v 0.46875000 0.50000000 -0.81189882
v 0.66291261 0.50000000 -0.66291261
v 0.81189882 0.50000000 -0.46875000
v 0.90555546 0.50000000 -0.24264285
v 0.93750000 -0.50000000 -2.0961242e-18
v 0.90555546 -0.50000000 0.24264285
v 0.81189882 -0.50000000 0.46875000
v 0.66291261 -0.50000000 0.66291261
v 0.46875000 -0.50000000 0.81189882
v 0.24264285 -0.50000000 0.90555546
v 4.8731701e-17 -0.50000000 0.93750000
v -0.24264285 -0.50000000 0.90555546
v -0.46875000 -0.50000000 0.81189882
v -0.66291261 -0.50000000 0.66291261
v -0.81189882 -0.50000000 0.46875000
v -0.90555546 -0.50000000 0.24264285
v -0.93750000 -0.50000000 1.1271451e-16
v -0.90555546 -0.50000000 -0.24264285
v -0.81189882 -0.50000000 -0.46875000
v -0.66291261 -0.50000000 -0.66291261
v -0.46875000 -0.50000000 -0.81189882
v -0.24264285 -0.50000000 -0.90555546
v -1.8088957e-16 -0.50000000 -0.93750000
v 0.24264285 -0.50000000 -0.90555546
v 0.46875000 -0.50000000 -0.81189882
v 0.66291261 -0.50000000 -0.66291261
v 0.81189882 -0.50000000 -0.46875000
v 0.90555546 -0.50000000 -0.24264285
v 0.92149937 -0.50000000 0.37632454
v 0.98620413 -0.50000000 0.13484308
v 0.92149937 0.50000000 0.37632454
v 0.98620413 0.50000000 0.13484308
v 0.85730726 0.50000000 0.35912431
v 0.85730726 -0.50000000 0.35912431
v 0.90555546 -0.50000000 0.24264285
v 0.90555546 0.50000000 0.24264285
v 0.92201202 -0.50000000 0.11764285
v 0.92201202 0.50000000 0.11764285
v -0.92149937 -0.50000000 -0.37632454
v -0.98620413 -0.50000000 -0.13484308
v -0.92149937 0.50000000 -0.37632454
v -0.98620413 0.50000000 -0.13484308
v -0.85730726 0.50000000 -0.35912431
v -0.85730726 -0.50000000 -0.35912431
v -0.90555546 -0.50000000 -0.24264285
v -0.90555546 0.50000000 -0.24264285
v -0.92201202 -0.50000000 -0.11764285
v -0.92201202 0.50000000 -0.11764285
v 0.30752104 5.0000000e-2 -0.90574184
v 0.29317041 5.0000000e-2 -0.87109636
v 0.30752104 0.17500000 -0.90574184
v 0.29317041 0.17500000 -0.87109636
v 0.42300598 5.0000000e-2 -0.85790641
v 0.40865536 5.0000000e-2 -0.82326093
v 0.42300598 0.17500000 -0.85790641
v 0.40865536 0.17500000 -0.82326093
v -0.30752104 5.0000000e-2 0.90574184
v -0.29317041 5.0000000e-2 0.87109636
v -0.30752104 0.17500000 0.90574184
v -0.29317041 0.17500000 0.87109636
v -0.42300598 5.0000000e-2 0.85790641
v -0.40865536 5.0000000e-2 0.82326093
v -0.42300598 0.17500000 0.85790641
v -0.40865536 0.17500000 0.82326093
vt 1.1153618e-2 0.47602598
vt 1.1153618e-2 0.67138077
vt 1.1153618e-2 0.67138077
vt 1.1153618e-2 0.47602598
vt 5.8811008e-2 0.47602598
vt 5.8811008e-2 0.47602598
vt 5.8811008e-2 0.67138077
vt 5.8811008e-2 0.67138077
vt 0.10646840 0.47602598
vt 0.10646840 0.67138077
vt 0.10646840 0.47602598
vt 0.10646840 0.67138077
vt 0.15412579 0.47602598
vt 0.15412579 0.47602598
vt 0.15412579 0.67138077
vt 0.15412579 0.67138077
vt 0.20178318 0.47602598
vt 0.20178318 0.47602598
vt 0.20178318 0.67138077
vt 0.20178318 0.67138077
vt 0.24944057 0.47602598
vt 0.24944057 0.47602598
vt 0.24944057 0.67138077
vt 0.24944057 0.67138077
vt 0.29709796 0.47602598
vt 0.29709796 0.47602598
vt 0.29709796 0.67138077
vt 0.29709796 0.67138077
vt 0.34475535 0.47602598
vt 0.34475535 0.47602598
vt 0.34475535 0.67138077
vt 0.34475535 0.67138077
vt 0.39241274 0.47602598
vt 0.39241274 0.47602598
vt 0.39241274 0.67138077
vt 0.39241274 0.67138077
vt 0.44007013 0.47602598
vt 0.44007013 0.47602598
vt 0.44007013 0.67138077
vt 0.44007013 0.67138077
vt 0.48772752 0.47602598
vt 0.48772752 0.47602598
vt 0.48772752 0.67138077
vt 0.48772752 0.67138077
vt 0.53538491 0.47602598
vt 0.53538491 0.47602598
vt 0.53538491 0.67138077
vt 0.53538491 0.67138077
vt 0.58304230 0.47602598
vt 0.58304230 0.47602598
vt 0.58304230 0.67138077
vt 0.58304230 0.67138077
vt 0.60482794 0.60880508
vt 0.60482794 0.60880508
vt 0.60482794 0.65784847
vt 0.60482794 0.65784847
vt 0.60803252 0.63350731
vt 0.60803252 0.63350731
vt 0.61776898 0.67078951
vt 0.61776898 0.59622511
vt 0.61776898 0.59622511
vt 0.61776898 0.60880508
vt 0.61776898 0.67078951
vt 0.61776898 0.65784847
vt 0.61776898 0.65784847
vt 0.81212094 0.60880508
vt 0.81212094 0.60880508
vt 0.81212094 0.59622511
vt 0.81212094 0.65784847
vt 0.81212094 0.67078951
vt 0.81212094 0.59622511
vt 0.82185740 0.63350731
vt 0.82185740 0.63350731
vt 0.82506198 0.60880508
vt 0.82506198 0.65784847
vt 0.82506198 0.65784847
vt 0.82506198 0.60880508
vt 0.94842593 0.73085987
vt 0.94842593 0.75522775
vt 0.94842593 0.73085987
vt 0.94842593 0.75522775
vt 0.95573629 0.72354950
vt 0.95573629 0.73085987
vt 0.95573629 0.75522775
vt 0.95573629 0.76253811
vt 0.95573629 0.72354950
vt 0.95573629 0.73085987
vt 0.95573629 0.75522775
vt 0.95573629 0.76253811
vt 0.98010417 0.72354950
vt 0.98010417 0.73085987
vt 0.98010417 0.75522775
vt 0.98010417 0.76253811
vt 0.98010417 0.72354950
vt 0.98010417 0.73085987
vt 0.98010417 0.75522775
vt 0.98010417 0.76253811
vt 0.98741454 0.73085987
vt 0.98741454 0.75522775
vt 0.98741454 0.73085987
vt 0.98741454 0.75522775
vn 1.00000000 0.0000000e+0 -2.3795816e-16
vn 1.00000000 0.0000000e+0 -2.3795816e-16
vn 0.96592583 0.0000000e+0 0.25881905
vn 0.96592583 0.0000000e+0 0.25881905
vn 0.86602540 0.0000000e+0 0.50000000
vn 0.86602540 0.0000000e+0 0.50000000
vn 0.70710678 0.0000000e+0 0.70710678
vn 0.70710678 0.0000000e+0 0.70710678
vn 0.50000000 0.0000000e+0 0.86602540
vn 0.50000000 0.0000000e+0 0.86602540
vn 0.25881905 0.0000000e+0 0.96592583
vn 0.25881905 0.0000000e+0 0.96592583
vn 1.5397293e-16 0.0000000e+0 1.00000000
vn 1.5397293e-16 0.0000000e+0 1.00000000
vn -0.25881905 0.0000000e+0 0.96592583
vn -0.25881905 0.0000000e+0 0.96592583
vn -0.50000000 0.0000000e+0 0.86602540
vn -0.50000000 0.0000000e+0 0.86602540
vn -0.70710678 0.0000000e+0 0.70710678
vn -0.70710678 0.0000000e+0 0.70710678
vn -0.86602540 0.0000000e+0 0.50000000
vn -0.86602540 0.0000000e+0 0.50000000
vn -0.96592583 0.0000000e+0 0.25881905
vn -0.96592583 0.0000000e+0 0.25881905
vn -1.00000000 0.0000000e+0 3.4993847e-16
vn -1.00000000 0.0000000e+0 3.4993847e-16
vn -0.96592583 0.0000000e+0 -0.25881905
vn -0.96592583 0.0000000e+0 -0.25881905
vn -0.86602540 0.0000000e+0 -0.50000000
vn -0.86602540 0.0000000e+0 -0.50000000
vn -0.70710678 0.0000000e+0 -0.70710678
vn -0.70710678 0.0000000e+0 -0.70710678
vn -0.50000000 0.0000000e+0 -0.86602540
vn -0.50000000 0.0000000e+0 -0.86602540
vn -0.25881905 0.0000000e+0 -0.96592583
vn -0.25881905 0.0000000e+0 -0.96592583
vn -4.7591632e-16 0.0000000e+0 -1.00000000
vn -4.7591632e-16 0.0000000e+0 -1.00000000
vn 0.25881905 0.0000000e+0 -0.96592583
vn 0.25881905 0.0000000e+0 -0.96592583
vn 0.50000000 0.0000000e+0 -0.86602540
vn 0.50000000 0.0000000e+0 -0.86602540
vn 0.70710678 0.0000000e+0 -0.70710678
vn 0.70710678 0.0000000e+0 -0.70710678
vn 0.86602540 0.0000000e+0 -0.50000000
vn 0.86602540 0.0000000e+0 -0.50000000
vn 0.96592583 0.0000000e+0 -0.25881905
vn 0.96592583 0.0000000e+0 -0.25881905
vn 1.00000000 0.0000000e+0 -2.3795816e-16
vn 1.00000000 0.0000000e+0 -2.3795816e-16
vn 0.96592583 0.0000000e+0 0.25881905
vn 0.96592583 0.0000000e+0 0.25881905
vn 0.86602540 0.0000000e+0 0.50000000
vn 0.86602540 0.0000000e+0 0.50000000
vn 0.70710678 0.0000000e+0 0.70710678
vn 0.70710678 0.0000000e+0 0.70710678
vn 0.50000000 0.0000000e+0 0.86602540
vn 0.50000000 0.0000000e+0 0.86602540
vn 0.25881905 0.0000000e+0 0.96592583
vn 0.25881905 0.0000000e+0 0.96592583
vn 1.5397293e-16 0.0000000e+0 1.00000000
vn 1.5397293e-16 0.0000000e+0 1.00000000
vn -0.25881905 0.0000000e+0 0.96592583
vn -0.25881905 0.0000000e+0 0.96592583
vn -0.50000000 0.0000000e+0 0.86602540
vn -0.50000000 0.0000000e+0 0.86602540
vn -0.70710678 0.0000000e+0 0.70710678
vn -0.70710678 0.0000000e+0 0.70710678
vn -0.86602540 0.0000000e+0 0.50000000
vn -0.86602540 0.0000000e+0 0.50000000
vn -0.96592583 0.0000000e+0 0.25881905
vn -0.96592583 0.0000000e+0 0.25881905
vn -1.00000000 0.0000000e+0 3.4993847e-16
vn -1.00000000 0.0000000e+0 3.4993847e-16
vn -0.96592583 0.0000000e+0 -0.25881905
vn -0.96592583 0.0000000e+0 -0.25881905
vn -0.86602540 0.0000000e+0 -0.50000000
vn -0.86602540 0.0000000e+0 -0.50000000
vn -0.70710678 0.0000000e+0 -0.70710678
vn -0.70710678 0.0000000e+0 -0.70710678
vn -0.50000000 0.0000000e+0 -0.86602540
vn -0.50000000 0.0000000e+0 -0.86602540
vn -0.25881905 0.0000000e+0 -0.96592583
vn -0.25881905 0.0000000e+0 -0.96592583
vn -4.7591632e-16 0.0000000e+0 -1.00000000
vn -4.7591632e-16 0.0000000e+0 -1.00000000
vn 0.25881905 0.0000000e+0 -0.96592583
vn 0.25881905 0.0000000e+0 -0.96592583
vn 0.50000000 0.0000000e+0 -0.86602540
vn 0.50000000 0.0000000e+0 -0.86602540
vn 0.70710678 0.0000000e+0 -0.70710678
vn 0.70710678 0.0000000e+0 -0.70710678
vn 0.86602540 0.0000000e+0 -0.50000000
vn 0.86602540 0.0000000e+0 -0.50000000
vn 0.96592583 0.0000000e+0 -0.25881905
vn 0.96592583 0.0000000e+0 -0.25881905
vn 0.0000000e+0 -1.00000000 0.0000000e+0
vn 0.96592583 2.7755576e-17 0.25881905
vn 0.0000000e+0 -1.00000000 0.0000000e+0
vn -0.25881905 7.9940798e-17 0.96592583
vn 0.0000000e+0 -1.00000000 0.0000000e+0
vn 0.96592583 2.7755576e-17 0.25881905
vn 0.25881905 -8.1572243e-17 -0.96592583
vn 0.0000000e+0 -1.00000000 0.0000000e+0
vn 0.96592583 2.7755576e-17 0.25881905
vn 0.0000000e+0 1.00000000 0.0000000e+0
vn -0.25881905 7.9940798e-17 0.96592583
vn 0.0000000e+0 1.00000000 0.0000000e+0
vn 0.96592583 2.7755576e-17 0.25881905
vn 0.0000000e+0 1.00000000 0.0000000e+0
vn 0.25881905 -8.1572243e-17 -0.96592583
vn 0.0000000e+0 1.00000000 0.0000000e+0
vn -0.25881905 7.9940798e-17 0.96592583
vn 0.0000000e+0 1.00000000 0.0000000e+0
vn 0.0000000e+0 -1.00000000 0.0000000e+0
vn -0.25881905 7.9940798e-17 0.96592583
vn 0.0000000e+0 -1.00000000 0.0000000e+0
vn 0.0000000e+0 -1.00000000 0.0000000e+0
vn 0.0000000e+0 -1.00000000 0.0000000e+0
vn 0.0000000e+0 1.00000000 0.0000000e+0
vn 0.0000000e+0 1.00000000 0.0000000e+0
vn 0.0000000e+0 1.00000000 0.0000000e+0
vn 0.25881905 -8.1572243e-17 -0.96592583
vn 0.0000000e+0 -1.00000000 0.0000000e+0
vn 0.0000000e+0 1.00000000 0.0000000e+0
vn 0.25881905 -8.1572243e-17 -0.96592583
vn 0.0000000e+0 -1.00000000 0.0000000e+0
vn -0.96592583 2.7755576e-17 -0.25881905
vn 0.0000000e+0 -1.00000000 0.0000000e+0
vn 0.25881905 7.9940798e-17 -0.96592583
vn 0.0000000e+0 -1.00000000 0.0000000e+0
vn -0.96592583 2.7755576e-17 -0.25881905
vn -0.25881905 -8.1572243e-17 0.96592583
vn 0.0000000e+0 -1.00000000 0.0000000e+0
vn -0.96592583 2.7755576e-17 -0.25881905
vn 0.0000000e+0 1.00000000 0.0000000e+0
vn 0.25881905 7.9940798e-17 -0.96592583
vn 0.0000000e+0 1.00000000 0.0000000e+0
vn -0.96592583 2.7755576e-17 -0.25881905
vn 0.0000000e+0 1.00000000 0.0000000e+0
vn -0.25881905 -8.1572243e-17 0.96592583
vn 0.0000000e+0 1.00000000 0.0000000e+0
vn 0.25881905 7.9940798e-17 -0.96592583
vn 0.0000000e+0 1.00000000 0.0000000e+0
vn 0.0000000e+0 -1.00000000 0.0000000e+0
vn 0.25881905 7.9940798e-17 -0.96592583
vn 0.0000000e+0 -1.00000000 0.0000000e+0
vn 0.0000000e+0 -1.00000000 0.0000000e+0
vn 0.0000000e+0 -1.00000000 0.0000000e+0
vn 0.0000000e+0 1.00000000 0.0000000e+0
vn 0.0000000e+0 1.00000000 0.0000000e+0
vn 0.0000000e+0 1.00000000 0.0000000e+0
vn -0.25881905 -8.1572243e-17 0.96592583
vn 0.0000000e+0 -1.00000000 0.0000000e+0
vn 0.0000000e+0 1.00000000 0.0000000e+0
vn -0.25881905 -8.1572243e-17 0.96592583
vn 0.0000000e+0 -1.00000000 0.0000000e+0
vn 0.38268343 0.0000000e+0 -0.92387953
vn -0.92387953 0.0000000e+0 -0.38268343
vn 0.0000000e+0 -1.00000000 0.0000000e+0
vn -0.92387953 0.0000000e+0 -0.38268343
vn 0.0000000e+0 1.00000000 0.0000000e+0
vn 0.38268343 0.0000000e+0 -0.92387953
vn -0.92387953 0.0000000e+0 -0.38268343
vn 0.0000000e+0 1.00000000 0.0000000e+0
vn -0.92387953 0.0000000e+0 -0.38268343
vn 0.0000000e+0 -1.00000000 0.0000000e+0
vn 0.38268343 0.0000000e+0 -0.92387953
vn 0.92387953 0.0000000e+0 0.38268343
vn 0.0000000e+0 -1.00000000 0.0000000e+0
vn 0.92387953 0.0000000e+0 0.38268343
vn 0.0000000e+0 1.00000000 0.0000000e+0
vn 0.38268343 0.0000000e+0 -0.92387953
vn 0.92387953 0.0000000e+0 0.38268343
vn 0.0000000e+0 1.00000000 0.0000000e+0
vn 0.92387953 0.0000000e+0 0.38268343
vn 0.0000000e+0 -1.00000000 0.0000000e+0
vn -0.38268343 0.0000000e+0 0.92387953
vn 0.92387953 0.0000000e+0 0.38268343
vn 0.0000000e+0 -1.00000000 0.0000000e+0
vn 0.92387953 0.0000000e+0 0.38268343
vn 0.0000000e+0 1.00000000 0.0000000e+0
vn -0.38268343 0.0000000e+0 0.92387953
vn 0.92387953 0.0000000e+0 0.38268343
vn 0.0000000e+0 1.00000000 0.0000000e+0
vn 0.92387953 0.0000000e+0 0.38268343
vn 0.0000000e+0 -1.00000000 0.0000000e+0
vn -0.38268343 0.0000000e+0 0.92387953
vn -0.92387953 0.0000000e+0 -0.38268343
vn 0.0000000e+0 -1.00000000 0.0000000e+0
vn -0.92387953 0.0000000e+0 -0.38268343
vn 0.0000000e+0 1.00000000 0.0000000e+0
vn -0.38268343 0.0000000e+0 0.92387953
vn -0.92387953 0.0000000e+0 -0.38268343
vn 0.0000000e+0 1.00000000 0.0000000e+0
vn -0.92387953 0.0000000e+0 -0.38268343
g 1_image
usemtl image
s 1
f 50/62/102 52/67/109 51/69/105 49/65/98
f 60/62/132 62/66/139 61/69/135 59/64/128
f 69/84/157 73/92/167 74/93/170 70/85/160
f 72/82/165 76/90/175 75/91/172 71/83/162
f 77/88/177 81/96/187 82/97/190 78/89/180
f 80/86/185 84/94/195 83/95/192 79/87/182
s 2
f 1/2/1 25/1/49 48/5/95 24/8/47
f 2/48/4 26/46/52 25/50/50 1/52/2
f 3/44/6 27/42/54 26/46/51 2/48/3
f 4/39/8 28/38/56 27/42/53 3/44/5
f 5/35/10 29/34/58 28/38/55 4/39/7
f 6/31/12 30/29/60 29/34/57 5/35/9
f 7/27/14 31/26/62 30/29/59 6/31/11
f 8/23/16 32/22/64 31/26/61 7/27/13
f 9/19/18 33/18/66 32/22/63 8/23/15
f 10/15/20 34/14/68 33/18/65 9/19/17
f 11/10/22 35/9/70 34/14/67 10/15/19
f 12/7/24 36/6/72 35/9/69 11/10/21
f 13/3/26 37/4/74 36/6/71 12/7/23
f 14/47/28 38/45/76 37/49/73 13/51/25
f 15/43/30 39/41/78 38/45/75 14/47/27
f 16/40/32 40/37/80 39/41/77 15/43/29
f 17/36/34 41/33/82 40/37/79 16/40/31
f 18/32/36 42/30/84 41/33/81 17/36/33
f 19/28/38 43/25/86 42/30/83 18/32/35
f 20/24/40 44/21/88 43/25/85 19/28/37
f 21/20/42 45/17/90 44/21/87 20/24/39
f 22/16/44 46/13/92 45/17/89 21/20/41
f 23/12/46 47/11/94 46/13/91 22/16/43
f 24/8/48 48/5/96 47/11/93 23/12/45
f 50/62/103 57/61/123 58/68/126 52/67/111
f 51/69/107 53/70/113 54/59/116 49/65/100
f 60/62/133 67/60/153 68/71/156 62/66/141
f 61/69/137 63/70/143 64/63/146 59/64/130
f 71/83/163 75/91/173 73/92/168 69/84/158
f 79/87/183 83/95/193 81/96/188 77/88/178
s 3
f 49/65/97 55/57/117 50/62/101
f 52/67/112 56/72/121 51/69/106
f 53/76/114 51/69/108 56/72/122
f 55/57/118 49/65/99 54/55/115
f 56/72/120 52/67/110 58/74/125
f 57/53/124 50/62/104 55/57/119
f 59/64/127 65/58/147 60/62/131
f 62/66/142 66/73/151 61/69/136
f 63/75/144 61/69/138 66/73/152
f 65/58/148 59/64/129 64/56/145
f 66/73/150 62/66/140 68/77/155
f 67/54/154 60/62/134 65/58/149
f 70/79/161 72/78/166 71/83/164 69/84/159
f 73/92/169 75/91/174 76/98/176 74/99/171
f 78/81/181 80/80/186 79/87/184 77/88/179
f 81/96/189 83/95/194 84/100/196 82/101/191
