# Exported from Wings 3D 1.5.4
mtllib ./fuel tank 1m alt.mtl
o 1_alt
#84 vertices, 52 faces
v 0.93750000 0.50000000 -2.0961242e-18
v 0.90555546 0.50000000 0.24264285
v 0.81189882 0.50000000 0.46875000
v 0.66291261 0.50000000 0.66291261
v 0.46875000 0.50000000 0.81189882
v 0.24264285 0.50000000 0.90555546
v 4.8731701e-17 0.50000000 0.93750000
v -0.24264285 0.50000000 0.90555546
v -0.46875000 0.50000000 0.81189882
v -0.66291261 0.50000000 0.66291261
v -0.81189882 0.50000000 0.46875000
v -0.90555546 0.50000000 0.24264285
v -0.93750000 0.50000000 1.1271451e-16
v -0.90555546 0.50000000 -0.24264285
v -0.81189882 0.50000000 -0.46875000
v -0.66291261 0.50000000 -0.66291261
v -0.46875000 0.50000000 -0.81189882
v -0.24264285 0.50000000 -0.90555546
v -1.8088957e-16 0.50000000 -0.93750000
v 0.24264285 0.50000000 -0.90555546
v 0.46875000 0.50000000 -0.81189882
v 0.66291261 0.50000000 -0.66291261
v 0.81189882 0.50000000 -0.46875000
v 0.90555546 0.50000000 -0.24264285
v 0.93750000 -0.50000000 -2.0961242e-18
v 0.90555546 -0.50000000 0.24264285
v 0.81189882 -0.50000000 0.46875000
v 0.66291261 -0.50000000 0.66291261
v 0.46875000 -0.50000000 0.81189882
v 0.24264285 -0.50000000 0.90555546
v 4.8731701e-17 -0.50000000 0.93750000
v -0.24264285 -0.50000000 0.90555546
v -0.46875000 -0.50000000 0.81189882
v -0.66291261 -0.50000000 0.66291261
v -0.81189882 -0.50000000 0.46875000
v -0.90555546 -0.50000000 0.24264285
v -0.93750000 -0.50000000 1.1271451e-16
v -0.90555546 -0.50000000 -0.24264285
v -0.81189882 -0.50000000 -0.46875000
v -0.66291261 -0.50000000 -0.66291261
v -0.46875000 -0.50000000 -0.81189882
v -0.24264285 -0.50000000 -0.90555546
v -1.8088957e-16 -0.50000000 -0.93750000
v 0.24264285 -0.50000000 -0.90555546
v 0.46875000 -0.50000000 -0.81189882
v 0.66291261 -0.50000000 -0.66291261
v 0.81189882 -0.50000000 -0.46875000
v 0.90555546 -0.50000000 -0.24264285
v 0.92149937 -0.50000000 0.37632454
v 0.98620413 -0.50000000 0.13484308
v 0.92149937 0.50000000 0.37632454
v 0.98620413 0.50000000 0.13484308
v 0.85730726 0.50000000 0.35912431
v 0.85730726 -0.50000000 0.35912431
v 0.90555546 -0.50000000 0.24264285
v 0.90555546 0.50000000 0.24264285
v 0.92201202 -0.50000000 0.11764285
v 0.92201202 0.50000000 0.11764285
v -0.92149937 -0.50000000 -0.37632454
v -0.98620413 -0.50000000 -0.13484308
v -0.92149937 0.50000000 -0.37632454
v -0.98620413 0.50000000 -0.13484308
v -0.85730726 0.50000000 -0.35912431
v -0.85730726 -0.50000000 -0.35912431
v -0.90555546 -0.50000000 -0.24264285
v -0.90555546 0.50000000 -0.24264285
v -0.92201202 -0.50000000 -0.11764285
v -0.92201202 0.50000000 -0.11764285
v 0.30752104 5.0000000e-2 -0.90574184
v 0.29317041 5.0000000e-2 -0.87109636
v 0.30752104 0.17500000 -0.90574184
v 0.29317041 0.17500000 -0.87109636
v 0.42300598 5.0000000e-2 -0.85790641
v 0.40865536 5.0000000e-2 -0.82326093
v 0.42300598 0.17500000 -0.85790641
v 0.40865536 0.17500000 -0.82326093
v -0.30752104 5.0000000e-2 0.90574184
v -0.29317041 5.0000000e-2 0.87109636
v -0.30752104 0.17500000 0.90574184
v -0.29317041 0.17500000 0.87109636
v -0.42300598 5.0000000e-2 0.85790641
v -0.40865536 5.0000000e-2 0.82326093
v -0.42300598 0.17500000 0.85790641
v -0.40865536 0.17500000 0.82326093
vt 0.69770648 1.0594579e-2
vt 0.69770648 0.10590936
vt 0.69770648 5.8251969e-2
vt 0.69770648 0.15356675
vt 0.69770648 0.20122414
vt 0.69770648 0.29653892
vt 0.69770648 0.24888153
vt 0.69770648 0.34419631
vt 0.69770648 0.39185370
vt 0.69770648 0.43951109
vt 0.69770648 0.48716848
vt 0.69770648 0.53482587
vt 0.69770648 0.58248326
vt 0.69771398 1.0579567e-2
vt 0.69771398 5.8236957e-2
vt 0.69771398 0.10589435
vt 0.69771398 0.15355174
vt 0.69771398 0.20120913
vt 0.69771398 0.24886652
vt 0.69771398 0.29652391
vt 0.69771398 0.34418130
vt 0.69771398 0.39183869
vt 0.69771398 0.43949607
vt 0.69771398 0.48715346
vt 0.69771398 0.53481085
vt 0.69771398 0.58246824
vt 0.89303049 1.0579567e-2
vt 0.89303049 5.8236957e-2
vt 0.89303049 0.10589435
vt 0.89303049 0.15355174
vt 0.89303049 0.20120913
vt 0.89303049 0.24886652
vt 0.89303049 0.29652391
vt 0.89303049 0.34418130
vt 0.89303049 0.39183869
vt 0.89303049 0.43949607
vt 0.89303049 0.48715346
vt 0.89303049 0.53481085
vt 0.89303049 0.58246824
vt 0.89306127 1.0594579e-2
vt 0.89306127 5.8251969e-2
vt 0.89306127 0.10590936
vt 0.89306127 0.15356675
vt 0.89306127 0.20122414
vt 0.89306127 0.24888153
vt 0.89306127 0.29653892
vt 0.89306127 0.34419631
vt 0.89306127 0.39185370
vt 0.89306127 0.43951109
vt 0.89306127 0.48716848
vt 0.89306127 0.53482587
vt 0.89306127 0.58248326
vt 0.91234378 0.46331758
vt 0.91234378 0.46331758
vt 0.91234378 0.65755996
vt 0.92492375 0.45037654
vt 0.92492375 0.46331758
vt 0.92492375 0.67068310
vt 0.92492375 0.45037654
vt 0.92492375 0.46331758
vt 0.92492375 0.67068310
vt 0.92492375 0.65755996
vt 0.92492375 0.65755996
vt 0.94842593 0.73085987
vt 0.94842593 0.75522775
vt 0.94842593 0.73085987
vt 0.94842593 0.75522775
vt 0.94962598 0.45358112
vt 0.94962598 0.45358112
vt 0.94962598 0.66747852
vt 0.94962598 0.66747852
vt 0.95573629 0.72354950
vt 0.95573629 0.73085987
vt 0.95573629 0.75522775
vt 0.95573629 0.76253811
vt 0.95573629 0.72354950
vt 0.95573629 0.73085987
vt 0.95573629 0.75522775
vt 0.95573629 0.76253811
vt 0.97396714 0.45037654
vt 0.97396714 0.46331758
vt 0.97396714 0.46331758
vt 0.97396714 0.65755996
vt 0.97396714 0.65755996
vt 0.97396714 0.67068310
vt 0.97396714 0.67068310
vt 0.98010417 0.72354950
vt 0.98010417 0.73085987
vt 0.98010417 0.75522775
vt 0.98010417 0.76253811
vt 0.98010417 0.72354950
vt 0.98010417 0.73085987
vt 0.98010417 0.75522775
vt 0.98010417 0.76253811
vt 0.98690818 0.46331758
vt 0.98690818 0.65755996
vt 0.98690818 0.65755996
vt 0.98741454 0.73085987
vt 0.98741454 0.75522775
vt 0.98741454 0.73085987
vt 0.98741454 0.75522775
vn 1.00000000 0.0000000e+0 -2.3795816e-16
vn 1.00000000 0.0000000e+0 -2.3795816e-16
vn 0.96592583 0.0000000e+0 0.25881905
vn 0.96592583 0.0000000e+0 0.25881905
vn 0.86602540 0.0000000e+0 0.50000000
vn 0.86602540 0.0000000e+0 0.50000000
vn 0.70710678 0.0000000e+0 0.70710678
vn 0.70710678 0.0000000e+0 0.70710678
vn 0.50000000 0.0000000e+0 0.86602540
vn 0.50000000 0.0000000e+0 0.86602540
vn 0.25881905 0.0000000e+0 0.96592583
vn 0.25881905 0.0000000e+0 0.96592583
vn 1.5397293e-16 0.0000000e+0 1.00000000
vn 1.5397293e-16 0.0000000e+0 1.00000000
vn -0.25881905 0.0000000e+0 0.96592583
vn -0.25881905 0.0000000e+0 0.96592583
vn -0.50000000 0.0000000e+0 0.86602540
vn -0.50000000 0.0000000e+0 0.86602540
vn -0.70710678 0.0000000e+0 0.70710678
vn -0.70710678 0.0000000e+0 0.70710678
vn -0.86602540 0.0000000e+0 0.50000000
vn -0.86602540 0.0000000e+0 0.50000000
vn -0.96592583 0.0000000e+0 0.25881905
vn -0.96592583 0.0000000e+0 0.25881905
vn -1.00000000 0.0000000e+0 3.4993847e-16
vn -1.00000000 0.0000000e+0 3.4993847e-16
vn -0.96592583 0.0000000e+0 -0.25881905
vn -0.96592583 0.0000000e+0 -0.25881905
vn -0.86602540 0.0000000e+0 -0.50000000
vn -0.86602540 0.0000000e+0 -0.50000000
vn -0.70710678 0.0000000e+0 -0.70710678
vn -0.70710678 0.0000000e+0 -0.70710678
vn -0.50000000 0.0000000e+0 -0.86602540
vn -0.50000000 0.0000000e+0 -0.86602540
vn -0.25881905 0.0000000e+0 -0.96592583
vn -0.25881905 0.0000000e+0 -0.96592583
vn -4.7591632e-16 0.0000000e+0 -1.00000000
vn -4.7591632e-16 0.0000000e+0 -1.00000000
vn 0.25881905 0.0000000e+0 -0.96592583
vn 0.25881905 0.0000000e+0 -0.96592583
vn 0.50000000 0.0000000e+0 -0.86602540
vn 0.50000000 0.0000000e+0 -0.86602540
vn 0.70710678 0.0000000e+0 -0.70710678
vn 0.70710678 0.0000000e+0 -0.70710678
vn 0.86602540 0.0000000e+0 -0.50000000
vn 0.86602540 0.0000000e+0 -0.50000000
vn 0.96592583 0.0000000e+0 -0.25881905
vn 0.96592583 0.0000000e+0 -0.25881905
vn 1.00000000 0.0000000e+0 -2.3795816e-16
vn 1.00000000 0.0000000e+0 -2.3795816e-16
vn 0.96592583 0.0000000e+0 0.25881905
vn 0.96592583 0.0000000e+0 0.25881905
vn 0.86602540 0.0000000e+0 0.50000000
vn 0.86602540 0.0000000e+0 0.50000000
vn 0.70710678 0.0000000e+0 0.70710678
vn 0.70710678 0.0000000e+0 0.70710678
vn 0.50000000 0.0000000e+0 0.86602540
vn 0.50000000 0.0000000e+0 0.86602540
vn 0.25881905 0.0000000e+0 0.96592583
vn 0.25881905 0.0000000e+0 0.96592583
vn 1.5397293e-16 0.0000000e+0 1.00000000
vn 1.5397293e-16 0.0000000e+0 1.00000000
vn -0.25881905 0.0000000e+0 0.96592583
vn -0.25881905 0.0000000e+0 0.96592583
vn -0.50000000 0.0000000e+0 0.86602540
vn -0.50000000 0.0000000e+0 0.86602540
vn -0.70710678 0.0000000e+0 0.70710678
vn -0.70710678 0.0000000e+0 0.70710678
vn -0.86602540 0.0000000e+0 0.50000000
vn -0.86602540 0.0000000e+0 0.50000000
vn -0.96592583 0.0000000e+0 0.25881905
vn -0.96592583 0.0000000e+0 0.25881905
vn -1.00000000 0.0000000e+0 3.4993847e-16
vn -1.00000000 0.0000000e+0 3.4993847e-16
vn -0.96592583 0.0000000e+0 -0.25881905
vn -0.96592583 0.0000000e+0 -0.25881905
vn -0.86602540 0.0000000e+0 -0.50000000
vn -0.86602540 0.0000000e+0 -0.50000000
vn -0.70710678 0.0000000e+0 -0.70710678
vn -0.70710678 0.0000000e+0 -0.70710678
vn -0.50000000 0.0000000e+0 -0.86602540
vn -0.50000000 0.0000000e+0 -0.86602540
vn -0.25881905 0.0000000e+0 -0.96592583
vn -0.25881905 0.0000000e+0 -0.96592583
vn -4.7591632e-16 0.0000000e+0 -1.00000000
vn -4.7591632e-16 0.0000000e+0 -1.00000000
vn 0.25881905 0.0000000e+0 -0.96592583
vn 0.25881905 0.0000000e+0 -0.96592583
vn 0.50000000 0.0000000e+0 -0.86602540
vn 0.50000000 0.0000000e+0 -0.86602540
vn 0.70710678 0.0000000e+0 -0.70710678
vn 0.70710678 0.0000000e+0 -0.70710678
vn 0.86602540 0.0000000e+0 -0.50000000
vn 0.86602540 0.0000000e+0 -0.50000000
vn 0.96592583 0.0000000e+0 -0.25881905
vn 0.96592583 0.0000000e+0 -0.25881905
vn 0.0000000e+0 -1.00000000 0.0000000e+0
vn 0.96592583 2.7755576e-17 0.25881905
vn 0.0000000e+0 -1.00000000 0.0000000e+0
vn -0.25881905 7.9940798e-17 0.96592583
vn 0.0000000e+0 -1.00000000 0.0000000e+0
vn 0.96592583 2.7755576e-17 0.25881905
vn 0.25881905 -8.1572243e-17 -0.96592583
vn 0.0000000e+0 -1.00000000 0.0000000e+0
vn 0.96592583 2.7755576e-17 0.25881905
vn 0.0000000e+0 1.00000000 0.0000000e+0
vn -0.25881905 7.9940798e-17 0.96592583
vn 0.0000000e+0 1.00000000 0.0000000e+0
vn 0.96592583 2.7755576e-17 0.25881905
vn 0.0000000e+0 1.00000000 0.0000000e+0
vn 0.25881905 -8.1572243e-17 -0.96592583
vn 0.0000000e+0 1.00000000 0.0000000e+0
vn -0.25881905 7.9940798e-17 0.96592583
vn 0.0000000e+0 1.00000000 0.0000000e+0
vn 0.0000000e+0 -1.00000000 0.0000000e+0
vn -0.25881905 7.9940798e-17 0.96592583
vn 0.0000000e+0 -1.00000000 0.0000000e+0
vn 0.0000000e+0 -1.00000000 0.0000000e+0
vn 0.0000000e+0 -1.00000000 0.0000000e+0
vn 0.0000000e+0 1.00000000 0.0000000e+0
vn 0.0000000e+0 1.00000000 0.0000000e+0
vn 0.0000000e+0 1.00000000 0.0000000e+0
vn 0.25881905 -8.1572243e-17 -0.96592583
vn 0.0000000e+0 -1.00000000 0.0000000e+0
vn 0.0000000e+0 1.00000000 0.0000000e+0
vn 0.25881905 -8.1572243e-17 -0.96592583
vn 0.0000000e+0 -1.00000000 0.0000000e+0
vn -0.96592583 2.7755576e-17 -0.25881905
vn 0.0000000e+0 -1.00000000 0.0000000e+0
vn 0.25881905 7.9940798e-17 -0.96592583
vn 0.0000000e+0 -1.00000000 0.0000000e+0
vn -0.96592583 2.7755576e-17 -0.25881905
vn -0.25881905 -8.1572243e-17 0.96592583
vn 0.0000000e+0 -1.00000000 0.0000000e+0
vn -0.96592583 2.7755576e-17 -0.25881905
vn 0.0000000e+0 1.00000000 0.0000000e+0
vn 0.25881905 7.9940798e-17 -0.96592583
vn 0.0000000e+0 1.00000000 0.0000000e+0
vn -0.96592583 2.7755576e-17 -0.25881905
vn 0.0000000e+0 1.00000000 0.0000000e+0
vn -0.25881905 -8.1572243e-17 0.96592583
vn 0.0000000e+0 1.00000000 0.0000000e+0
vn 0.25881905 7.9940798e-17 -0.96592583
vn 0.0000000e+0 1.00000000 0.0000000e+0
vn 0.0000000e+0 -1.00000000 0.0000000e+0
vn 0.25881905 7.9940798e-17 -0.96592583
vn 0.0000000e+0 -1.00000000 0.0000000e+0
vn 0.0000000e+0 -1.00000000 0.0000000e+0
vn 0.0000000e+0 -1.00000000 0.0000000e+0
vn 0.0000000e+0 1.00000000 0.0000000e+0
vn 0.0000000e+0 1.00000000 0.0000000e+0
vn 0.0000000e+0 1.00000000 0.0000000e+0
vn -0.25881905 -8.1572243e-17 0.96592583
vn 0.0000000e+0 -1.00000000 0.0000000e+0
vn 0.0000000e+0 1.00000000 0.0000000e+0
vn -0.25881905 -8.1572243e-17 0.96592583
vn 0.0000000e+0 -1.00000000 0.0000000e+0
vn 0.38268343 0.0000000e+0 -0.92387953
vn -0.92387953 0.0000000e+0 -0.38268343
vn 0.0000000e+0 -1.00000000 0.0000000e+0
vn -0.92387953 0.0000000e+0 -0.38268343
vn 0.0000000e+0 1.00000000 0.0000000e+0
vn 0.38268343 0.0000000e+0 -0.92387953
vn -0.92387953 0.0000000e+0 -0.38268343
vn 0.0000000e+0 1.00000000 0.0000000e+0
vn -0.92387953 0.0000000e+0 -0.38268343
vn 0.0000000e+0 -1.00000000 0.0000000e+0
vn 0.38268343 0.0000000e+0 -0.92387953
vn 0.92387953 0.0000000e+0 0.38268343
vn 0.0000000e+0 -1.00000000 0.0000000e+0
vn 0.92387953 0.0000000e+0 0.38268343
vn 0.0000000e+0 1.00000000 0.0000000e+0
vn 0.38268343 0.0000000e+0 -0.92387953
vn 0.92387953 0.0000000e+0 0.38268343
vn 0.0000000e+0 1.00000000 0.0000000e+0
vn 0.92387953 0.0000000e+0 0.38268343
vn 0.0000000e+0 -1.00000000 0.0000000e+0
vn -0.38268343 0.0000000e+0 0.92387953
vn 0.92387953 0.0000000e+0 0.38268343
vn 0.0000000e+0 -1.00000000 0.0000000e+0
vn 0.92387953 0.0000000e+0 0.38268343
vn 0.0000000e+0 1.00000000 0.0000000e+0
vn -0.38268343 0.0000000e+0 0.92387953
vn 0.92387953 0.0000000e+0 0.38268343
vn 0.0000000e+0 1.00000000 0.0000000e+0
vn 0.92387953 0.0000000e+0 0.38268343
vn 0.0000000e+0 -1.00000000 0.0000000e+0
vn -0.38268343 0.0000000e+0 0.92387953
vn -0.92387953 0.0000000e+0 -0.38268343
vn 0.0000000e+0 -1.00000000 0.0000000e+0
vn -0.92387953 0.0000000e+0 -0.38268343
vn 0.0000000e+0 1.00000000 0.0000000e+0
vn -0.38268343 0.0000000e+0 0.92387953
vn -0.92387953 0.0000000e+0 -0.38268343
vn 0.0000000e+0 1.00000000 0.0000000e+0
vn -0.92387953 0.0000000e+0 -0.38268343
g 1_alt_image
usemtl image
s 1
f 50/57/102 52/63/109 51/84/105 49/82/98
f 60/60/133 67/53/153 68/55/156 62/62/141
f 61/83/137 63/96/143 64/95/146 59/81/130
f 69/74/157 73/89/167 74/90/170 70/75/160
f 72/72/165 76/87/175 75/88/172 71/73/162
f 77/78/177 81/93/187 82/94/190 78/79/180
f 80/76/185 84/91/195 83/92/192 79/77/182
s 2
f 1/52/1 25/13/49 48/12/95 24/51/47
f 2/28/4 26/15/52 25/14/50 1/27/2
f 3/29/6 27/16/54 26/15/51 2/28/3
f 4/30/8 28/17/56 27/16/53 3/29/5
f 5/31/10 29/18/58 28/17/55 4/30/7
f 6/32/12 30/19/60 29/18/57 5/31/9
f 7/33/14 31/20/62 30/19/59 6/32/11
f 8/34/16 32/21/64 31/20/61 7/33/13
f 9/35/18 33/22/66 32/21/63 8/34/15
f 10/36/20 34/23/68 33/22/65 9/35/17
f 11/37/22 35/24/70 34/23/67 10/36/19
f 12/38/24 36/25/72 35/24/69 11/37/21
f 13/39/26 37/26/74 36/25/71 12/38/23
f 14/41/28 38/3/76 37/1/73 13/40/25
f 15/42/30 39/2/78 38/3/75 14/41/27
f 16/43/32 40/4/80 39/2/77 15/42/29
f 17/44/34 41/5/82 40/4/79 16/43/31
f 18/45/36 42/7/84 41/5/81 17/44/33
f 19/46/38 43/6/86 42/7/83 18/45/35
f 20/47/40 44/8/88 43/6/85 19/46/37
f 21/48/42 45/9/90 44/8/87 20/47/39
f 22/49/44 46/10/92 45/9/89 21/48/41
f 23/50/46 47/11/94 46/10/91 22/49/43
f 24/51/48 48/12/96 47/11/93 23/50/45
f 50/57/103 57/54/123 58/55/126 52/63/111
f 51/84/107 53/97/113 54/95/116 49/82/100
f 60/60/132 62/62/139 61/83/135 59/81/128
f 70/65/161 72/64/166 71/73/164 69/74/159
f 73/89/169 75/88/174 76/98/176 74/99/171
f 79/77/183 83/92/193 81/93/188 77/78/178
s 3
f 49/82/97 55/69/117 50/57/101
f 52/63/112 56/70/121 51/84/106
f 53/86/114 51/84/108 56/70/122
f 55/69/118 49/82/99 54/80/115
f 56/70/120 52/63/110 58/58/125
f 57/56/124 50/57/104 55/69/119
f 59/81/127 65/68/147 60/60/131
f 62/62/142 66/71/151 61/83/136
f 63/85/144 61/83/138 66/71/152
f 65/68/148 59/81/129 64/80/145
f 66/71/150 62/62/140 68/61/155
f 67/59/154 60/60/134 65/68/149
f 71/73/163 75/88/173 73/89/168 69/74/158
f 78/67/181 80/66/186 79/77/184 77/78/179
f 81/93/189 83/92/194 84/100/196 82/101/191
