# Exported from Wings 3D 1.5.4
mtllib ./fuel tank 4m.mtl
o 1
#364 vertices, 278 faces
v 0.79528713 -1.95000000 0.53146576
v 0.76553638 -1.95000000 0.50863720
v 0.79528713 -1.82500000 0.53146576
v 0.76553638 -1.82500000 0.50863720
v 0.71919196 -1.95000000 0.63063492
v 0.68944121 -1.95000000 0.60780637
v 0.71919196 -1.82500000 0.63063492
v 0.68944121 -1.82500000 0.60780637
v 0.93749987 2.00000000 -2.0961242e-18
v 0.90555534 2.00000000 0.24264285
v 0.81189871 2.00000000 0.46875000
v 0.66291252 2.00000000 0.66291261
v 0.46874994 2.00000000 0.81189882
v 0.24264282 2.00000000 0.90555546
v 4.8731682e-17 2.00000000 0.93750000
v -0.24264282 2.00000000 0.90555546
v -0.46874994 2.00000000 0.81189882
v -0.66291252 2.00000000 0.66291261
v -0.81189871 2.00000000 0.46875000
v -0.90555534 2.00000000 0.24264285
v -0.93749987 2.00000000 1.1271451e-16
v -0.90555534 2.00000000 -0.24264285
v -0.81189871 2.00000000 -0.46875000
v -0.66291252 2.00000000 -0.66291261
v -0.46874994 2.00000000 -0.81189882
v -0.24264282 2.00000000 -0.90555546
v -1.8088956e-16 2.00000000 -0.93750000
v 0.24264282 2.00000000 -0.90555546
v 0.46874994 2.00000000 -0.81189882
v 0.66291252 2.00000000 -0.66291261
v 0.81189871 2.00000000 -0.46875000
v 0.90555534 2.00000000 -0.24264285
v 0.93749987 -2.00000000 -2.0961242e-18
v 0.90555534 -2.00000000 0.24264285
v 0.81189871 -2.00000000 0.46875000
v 0.66291252 -2.00000000 0.66291261
v 0.46874994 -2.00000000 0.81189882
v 0.24264282 -2.00000000 0.90555546
v 4.8731682e-17 -2.00000000 0.93750000
v -0.24264282 -2.00000000 0.90555546
v -0.46874994 -2.00000000 0.81189882
v -0.66291252 -2.00000000 0.66291261
v -0.81189871 -2.00000000 0.46875000
v -0.90555534 -2.00000000 0.24264285
v -0.93749987 -2.00000000 1.1271451e-16
v -0.90555534 -2.00000000 -0.24264285
v -0.81189871 -2.00000000 -0.46875000
v -0.66291252 -2.00000000 -0.66291261
v -0.46874994 -2.00000000 -0.81189882
v -0.24264282 -2.00000000 -0.90555546
v -1.8088956e-16 -2.00000000 -0.93750000
v 0.24264282 -2.00000000 -0.90555546
v 0.46874994 -2.00000000 -0.81189882
v 0.66291252 -2.00000000 -0.66291261
v 0.81189871 -2.00000000 -0.46875000
v 0.90555534 -2.00000000 -0.24264285
v 0.92149925 -2.00000000 0.37632454
v 0.98620400 -2.00000000 0.13484308
v 0.92149925 2.00000000 0.37632454
v 0.98620400 2.00000000 0.13484308
v 0.85730715 2.00000000 0.35912431
v 0.85730715 -2.00000000 0.35912431
v 0.90555534 -2.00000000 0.24264285
v 0.90555534 2.00000000 0.24264285
v 0.92201190 -2.00000000 0.11764285
v 0.92201190 2.00000000 0.11764285
v -0.92149925 -2.00000000 -0.37632454
v -0.98620400 -2.00000000 -0.13484308
v -0.92149925 2.00000000 -0.37632454
v -0.98620400 2.00000000 -0.13484308
v -0.85730715 2.00000000 -0.35912431
v -0.85730715 -2.00000000 -0.35912431
v -0.90555534 -2.00000000 -0.24264285
v -0.90555534 2.00000000 -0.24264285
v -0.92201190 -2.00000000 -0.11764285
v -0.92201190 2.00000000 -0.11764285
v -0.79528713 -1.95000000 -0.53146576
v -0.76553638 -1.95000000 -0.50863720
v -0.79528713 -1.82500000 -0.53146576
v -0.76553638 -1.82500000 -0.50863720
v -0.71919196 -1.95000000 -0.63063492
v -0.68944121 -1.95000000 -0.60780637
v -0.71919196 -1.82500000 -0.63063492
v -0.68944121 -1.82500000 -0.60780637
v -0.53146576 5.0000000e-2 0.79528713
v -0.50863720 5.0000000e-2 0.76553638
v -0.53146576 0.17500000 0.79528713
v -0.50863720 0.17500000 0.76553638
v -0.63063492 5.0000000e-2 0.71919196
v -0.60780637 5.0000000e-2 0.68944121
v -0.63063492 0.17500000 0.71919196
v -0.60780637 0.17500000 0.68944121
v 0.53146576 5.0000000e-2 -0.79528713
v 0.50863720 5.0000000e-2 -0.76553638
v 0.53146576 0.17500000 -0.79528713
v 0.50863720 0.17500000 -0.76553638
v 0.63063492 5.0000000e-2 -0.71919196
v 0.60780637 5.0000000e-2 -0.68944121
v 0.63063492 0.17500000 -0.71919196
v 0.60780637 0.17500000 -0.68944121
v 0.96250000 -0.97500000 -1.2576745e-18
v 0.92970361 -0.97500000 0.24911333
v 0.83354945 -0.97500000 0.48125000
v 0.68059028 -0.97500000 0.68059028
v 0.48125000 -0.97500000 0.83354945
v 0.24911333 -0.97500000 0.92970361
v 5.3731957e-17 -0.97500000 0.96250000
v -0.24911333 -0.97500000 0.92970361
v -0.48125000 -0.97500000 0.83354945
v -0.68059028 -0.97500000 0.68059028
v -0.83354945 -0.97500000 0.48125000
v -0.92970361 -0.97500000 0.24911333
v -0.96250000 -0.97500000 1.1661458e-16
v -0.92970361 -0.97500000 -0.24911333
v -0.83354945 -0.97500000 -0.48125000
v -0.68059028 -0.97500000 -0.68059028
v -0.48125000 -0.97500000 -0.83354945
v -0.24911333 -0.97500000 -0.92970361
v -1.8201255e-16 -0.97500000 -0.96250000
v 0.24911333 -0.97500000 -0.92970361
v 0.48125000 -0.97500000 -0.83354945
v 0.68059028 -0.97500000 -0.68059028
v 0.83354945 -0.97500000 -0.48125000
v 0.92970361 -0.97500000 -0.24911333
v 0.96250000 -1.02500000 -1.2576745e-18
v 0.92970361 -1.02500000 0.24911333
v 0.83354945 -1.02500000 0.48125000
v 0.68059028 -1.02500000 0.68059028
v 0.48125000 -1.02500000 0.83354945
v 0.24911333 -1.02500000 0.92970361
v 5.3731957e-17 -1.02500000 0.96250000
v -0.24911333 -1.02500000 0.92970361
v -0.48125000 -1.02500000 0.83354945
v -0.68059028 -1.02500000 0.68059028
v -0.83354945 -1.02500000 0.48125000
v -0.92970361 -1.02500000 0.24911333
v -0.96250000 -1.02500000 1.1661458e-16
v -0.92970361 -1.02500000 -0.24911333
v -0.83354945 -1.02500000 -0.48125000
v -0.68059028 -1.02500000 -0.68059028
v -0.48125000 -1.02500000 -0.83354945
v -0.24911333 -1.02500000 -0.92970361
v -1.8201255e-16 -1.02500000 -0.96250000
v 0.24911333 -1.02500000 -0.92970361
v 0.48125000 -1.02500000 -0.83354945
v 0.68059028 -1.02500000 -0.68059028
v 0.83354945 -1.02500000 -0.48125000
v 0.92970361 -1.02500000 -0.24911333
v 0.92500000 -1.02500000 -3.8681025e-18
v 0.89348139 -1.02500000 0.23940762
v 0.80107350 -1.02500000 0.46250000
v 0.65407377 -1.02500000 0.65407377
v 0.46250000 -1.02500000 0.80107350
v 0.23940762 -1.02500000 0.89348139
v 4.9115270e-17 -1.02500000 0.92500000
v -0.23940762 -1.02500000 0.89348139
v -0.46250000 -1.02500000 0.80107350
v -0.65407377 -1.02500000 0.65407377
v -0.80107350 -1.02500000 0.46250000
v -0.89348139 -1.02500000 0.23940762
v -0.92500000 -1.02500000 1.0941173e-16
v -0.89348139 -1.02500000 -0.23940762
v -0.80107350 -1.02500000 -0.46250000
v -0.65407377 -1.02500000 -0.65407377
v -0.46250000 -1.02500000 -0.80107350
v -0.23940762 -1.02500000 -0.89348139
v -1.7744439e-16 -1.02500000 -0.92500000
v 0.23940762 -1.02500000 -0.89348139
v 0.46250000 -1.02500000 -0.80107350
v 0.65407377 -1.02500000 -0.65407377
v 0.80107350 -1.02500000 -0.46250000
v 0.89348139 -1.02500000 -0.23940762
v 0.89348139 -0.97500000 0.23940762
v 0.92500000 -0.97500000 -3.8681025e-18
v 0.89348139 -0.97500000 -0.23940762
v 0.80107350 -0.97500000 -0.46250000
v 0.65407377 -0.97500000 -0.65407377
v 0.46250000 -0.97500000 -0.80107350
v 0.23940762 -0.97500000 -0.89348139
v -1.7744439e-16 -0.97500000 -0.92500000
v -0.23940762 -0.97500000 -0.89348139
v -0.46250000 -0.97500000 -0.80107350
v -0.65407377 -0.97500000 -0.65407377
v -0.80107350 -0.97500000 -0.46250000
v -0.89348139 -0.97500000 -0.23940762
v -0.92500000 -0.97500000 1.0941173e-16
v -0.89348139 -0.97500000 0.23940762
v -0.80107350 -0.97500000 0.46250000
v -0.65407377 -0.97500000 0.65407377
v -0.46250000 -0.97500000 0.80107350
v -0.23940762 -0.97500000 0.89348139
v 4.9115270e-17 -0.97500000 0.92500000
v 0.23940762 -0.97500000 0.89348139
v 0.46250000 -0.97500000 0.80107350
v 0.65407377 -0.97500000 0.65407377
v 0.80107350 -0.97500000 0.46250000
v 0.96250000 1.02500000 -1.2576745e-18
v 0.92970361 1.02500000 0.24911333
v 0.83354945 1.02500000 0.48125000
v 0.68059028 1.02500000 0.68059028
v 0.48125000 1.02500000 0.83354945
v 0.24911333 1.02500000 0.92970361
v 5.3731957e-17 1.02500000 0.96250000
v -0.24911333 1.02500000 0.92970361
v -0.48125000 1.02500000 0.83354945
v -0.68059028 1.02500000 0.68059028
v -0.83354945 1.02500000 0.48125000
v -0.92970361 1.02500000 0.24911333
v -0.96250000 1.02500000 1.1661458e-16
v -0.92970361 1.02500000 -0.24911333
v -0.83354945 1.02500000 -0.48125000
v -0.68059028 1.02500000 -0.68059028
v -0.48125000 1.02500000 -0.83354945
v -0.24911333 1.02500000 -0.92970361
v -1.8201255e-16 1.02500000 -0.96250000
v 0.24911333 1.02500000 -0.92970361
v 0.48125000 1.02500000 -0.83354945
v 0.68059028 1.02500000 -0.68059028
v 0.83354945 1.02500000 -0.48125000
v 0.92970361 1.02500000 -0.24911333
v 0.96250000 0.97500000 -1.2576745e-18
v 0.92970361 0.97500000 0.24911333
v 0.83354945 0.97500000 0.48125000
v 0.68059028 0.97500000 0.68059028
v 0.48125000 0.97500000 0.83354945
v 0.24911333 0.97500000 0.92970361
v 5.3731957e-17 0.97500000 0.96250000
v -0.24911333 0.97500000 0.92970361
v -0.48125000 0.97500000 0.83354945
v -0.68059028 0.97500000 0.68059028
v -0.83354945 0.97500000 0.48125000
v -0.92970361 0.97500000 0.24911333
v -0.96250000 0.97500000 1.1661458e-16
v -0.92970361 0.97500000 -0.24911333
v -0.83354945 0.97500000 -0.48125000
v -0.68059028 0.97500000 -0.68059028
v -0.48125000 0.97500000 -0.83354945
v -0.24911333 0.97500000 -0.92970361
v -1.8201255e-16 0.97500000 -0.96250000
v 0.24911333 0.97500000 -0.92970361
v 0.48125000 0.97500000 -0.83354945
v 0.68059028 0.97500000 -0.68059028
v 0.83354945 0.97500000 -0.48125000
v 0.92970361 0.97500000 -0.24911333
v 0.92500000 0.97500000 -3.8681025e-18
v 0.89348139 0.97500000 0.23940762
v 0.80107350 0.97500000 0.46250000
v 0.65407377 0.97500000 0.65407377
v 0.46250000 0.97500000 0.80107350
v 0.23940762 0.97500000 0.89348139
v 4.9115270e-17 0.97500000 0.92500000
v -0.23940762 0.97500000 0.89348139
v -0.46250000 0.97500000 0.80107350
v -0.65407377 0.97500000 0.65407377
v -0.80107350 0.97500000 0.46250000
v -0.89348139 0.97500000 0.23940762
v -0.92500000 0.97500000 1.0941173e-16
v -0.89348139 0.97500000 -0.23940762
v -0.80107350 0.97500000 -0.46250000
v -0.65407377 0.97500000 -0.65407377
v -0.46250000 0.97500000 -0.80107350
v -0.23940762 0.97500000 -0.89348139
v -1.7744439e-16 0.97500000 -0.92500000
v 0.23940762 0.97500000 -0.89348139
v 0.46250000 0.97500000 -0.80107350
v 0.65407377 0.97500000 -0.65407377
v 0.80107350 0.97500000 -0.46250000
v 0.89348139 0.97500000 -0.23940762
v 0.89348139 1.02500000 0.23940762
v 0.92500000 1.02500000 -3.8681025e-18
v 0.89348139 1.02500000 -0.23940762
v 0.80107350 1.02500000 -0.46250000
v 0.65407377 1.02500000 -0.65407377
v 0.46250000 1.02500000 -0.80107350
v 0.23940762 1.02500000 -0.89348139
v -1.7744439e-16 1.02500000 -0.92500000
v -0.23940762 1.02500000 -0.89348139
v -0.46250000 1.02500000 -0.80107350
v -0.65407377 1.02500000 -0.65407377
v -0.80107350 1.02500000 -0.46250000
v -0.89348139 1.02500000 -0.23940762
v -0.92500000 1.02500000 1.0941173e-16
v -0.89348139 1.02500000 0.23940762
v -0.80107350 1.02500000 0.46250000
v -0.65407377 1.02500000 0.65407377
v -0.46250000 1.02500000 0.80107350
v -0.23940762 1.02500000 0.89348139
v 4.9115270e-17 1.02500000 0.92500000
v 0.23940762 1.02500000 0.89348139
v 0.46250000 1.02500000 0.80107350
v 0.65407377 1.02500000 0.65407377
v 0.80107350 1.02500000 0.46250000
v 0.90555534 -1.00000000 -0.24264285
v 0.81189871 -1.00000000 -0.46875000
v 0.66291252 -1.00000000 -0.66291261
v 0.46874994 -1.00000000 -0.81189882
v 0.24264282 -1.00000000 -0.90555546
v -1.8088956e-16 -1.00000000 -0.93750000
v -0.24264282 -1.00000000 -0.90555546
v -0.46874994 -1.00000000 -0.81189882
v -0.66291252 -1.00000000 -0.66291261
v -0.81189871 -1.00000000 -0.46875000
v -0.90555534 -1.00000000 -0.24264285
v -0.93749987 -1.00000000 1.1271451e-16
v -0.90555534 -1.00000000 0.24264285
v -0.81189871 -1.00000000 0.46875000
v -0.66291252 -1.00000000 0.66291261
v -0.46874994 -1.00000000 0.81189882
v -0.24264282 -1.00000000 0.90555546
v 4.8731682e-17 -1.00000000 0.93750000
v 0.24264282 -1.00000000 0.90555546
v 0.46874994 -1.00000000 0.81189882
v 0.66291252 -1.00000000 0.66291261
v 0.81189871 -1.00000000 0.46875000
v 0.90555534 -1.00000000 0.24264285
v 0.93749987 -1.00000000 -2.0961242e-18
v 0.90555534 0.0000000e+0 -0.24264285
v 0.81189871 0.0000000e+0 -0.46875000
v 0.66291252 0.0000000e+0 -0.66291261
v 0.46874994 0.0000000e+0 -0.81189882
v 0.24264282 0.0000000e+0 -0.90555546
v -1.8088956e-16 0.0000000e+0 -0.93750000
v -0.24264282 0.0000000e+0 -0.90555546
v -0.46874994 0.0000000e+0 -0.81189882
v -0.66291252 0.0000000e+0 -0.66291261
v -0.81189871 0.0000000e+0 -0.46875000
v -0.90555534 0.0000000e+0 -0.24264285
v -0.93749987 0.0000000e+0 1.1271451e-16
v -0.90555534 0.0000000e+0 0.24264285
v -0.81189871 0.0000000e+0 0.46875000
v -0.66291252 0.0000000e+0 0.66291261
v -0.46874994 0.0000000e+0 0.81189882
v -0.24264282 0.0000000e+0 0.90555546
v 4.8731682e-17 0.0000000e+0 0.93750000
v 0.24264282 0.0000000e+0 0.90555546
v 0.46874994 0.0000000e+0 0.81189882
v 0.66291252 0.0000000e+0 0.66291261
v 0.81189871 0.0000000e+0 0.46875000
v 0.90555534 0.0000000e+0 0.24264285
v 0.93749987 0.0000000e+0 -2.0961242e-18
v 0.90555534 1.00000000 -0.24264285
v 0.81189871 1.00000000 -0.46875000
v 0.66291252 1.00000000 -0.66291261
v 0.46874994 1.00000000 -0.81189882
v 0.24264282 1.00000000 -0.90555546
v -1.8088956e-16 1.00000000 -0.93750000
v -0.24264282 1.00000000 -0.90555546
v -0.46874994 1.00000000 -0.81189882
v -0.66291252 1.00000000 -0.66291261
v -0.81189871 1.00000000 -0.46875000
v -0.90555534 1.00000000 -0.24264285
v -0.93749987 1.00000000 1.1271451e-16
v -0.90555534 1.00000000 0.24264285
v -0.81189871 1.00000000 0.46875000
v -0.66291252 1.00000000 0.66291261
v -0.46874994 1.00000000 0.81189882
v -0.24264282 1.00000000 0.90555546
v 4.8731682e-17 1.00000000 0.93750000
v 0.24264282 1.00000000 0.90555546
v 0.46874994 1.00000000 0.81189882
v 0.66291252 1.00000000 0.66291261
v 0.81189871 1.00000000 0.46875000
v 0.90555534 1.00000000 0.24264285
v 0.93749987 1.00000000 -2.0961242e-18
vt 1.1153618e-2 0.20935715
vt 1.1153618e-2 0.40428430
vt 1.1153618e-2 0.59952287
vt 1.1153618e-2 0.79476143
vt 1.1153618e-2 0.98951846
vt 1.1153618e-2 0.98951846
vt 1.1153618e-2 0.79476143
vt 1.1153618e-2 0.59952287
vt 1.1153618e-2 0.40428430
vt 1.1153618e-2 0.20935715
vt 5.8811008e-2 0.20935715
vt 5.8811008e-2 0.40428430
vt 5.8811008e-2 0.59952287
vt 5.8811008e-2 0.20935715
vt 5.8811008e-2 0.40428430
vt 5.8811008e-2 0.98951846
vt 5.8811008e-2 0.59952287
vt 5.8811008e-2 0.79476143
vt 5.8811008e-2 0.79476143
vt 5.8811008e-2 0.98951846
vt 0.10646840 0.20935715
vt 0.10646840 0.40428430
vt 0.10646840 0.59952287
vt 0.10646840 0.79476143
vt 0.10646840 0.98951846
vt 0.10646840 0.20935715
vt 0.10646840 0.40428430
vt 0.10646840 0.59952287
vt 0.10646840 0.79476143
vt 0.10646840 0.98951846
vt 0.15412579 0.20935715
vt 0.15412579 0.20935715
vt 0.15412579 0.40428430
vt 0.15412579 0.59952287
vt 0.15412579 0.79476143
vt 0.15412579 0.98951846
vt 0.15412579 0.40428430
vt 0.15412579 0.59952287
vt 0.15412579 0.79476143
vt 0.15412579 0.98951846
vt 0.20178318 0.20935715
vt 0.20178318 0.20935715
vt 0.20178318 0.40428430
vt 0.20178318 0.59952287
vt 0.20178318 0.79476143
vt 0.20178318 0.98951846
vt 0.20178318 0.40428430
vt 0.20178318 0.59952287
vt 0.20178318 0.79476143
vt 0.20178318 0.98951846
vt 0.23407363 0.15504685
vt 0.23407363 0.17941473
vt 0.23407363 0.15504685
vt 0.23407363 0.17941473
vt 0.24138400 0.14773648
vt 0.24138400 0.15504685
vt 0.24138400 0.17941473
vt 0.24138400 0.18672509
vt 0.24138400 0.14773648
vt 0.24138400 0.15504685
vt 0.24138400 0.17941473
vt 0.24138400 0.18672509
vt 0.24944057 0.20935715
vt 0.24944057 0.40428430
vt 0.24944057 0.59952287
vt 0.24944057 0.20935715
vt 0.24944057 0.40428430
vt 0.24944057 0.59952287
vt 0.24944057 0.79476143
vt 0.24944057 0.98951846
vt 0.24944057 0.79476143
vt 0.24944057 0.98951846
vt 0.26575188 0.14773648
vt 0.26575188 0.15504685
vt 0.26575188 0.17941473
vt 0.26575188 0.18672509
vt 0.26575188 0.14773648
vt 0.26575188 0.15504685
vt 0.26575188 0.17941473
vt 0.26575188 0.18672509
vt 0.27306224 0.15504685
vt 0.27306224 0.17941473
vt 0.27306224 0.15504685
vt 0.27306224 0.17941473
vt 0.29446996 0.16230243
vt 0.29446996 0.16959753
vt 0.29446996 0.17927263
vt 0.29446996 0.18656774
vt 0.29446996 0.16230243
vt 0.29446996 0.16959753
vt 0.29446996 0.17927263
vt 0.29446996 0.18656774
vt 0.29446996 0.16230243
vt 0.29446996 0.16959753
vt 0.29446996 0.17927263
vt 0.29446996 0.18656774
vt 0.29448371 0.16225835
vt 0.29448371 0.16957908
vt 0.29448371 0.17929109
vt 0.29448371 0.18661181
vt 0.29448371 0.16225835
vt 0.29448371 0.16957908
vt 0.29448371 0.17929109
vt 0.29448371 0.18661181
vt 0.29448371 0.16225835
vt 0.29448371 0.16957908
vt 0.29448371 0.17929109
vt 0.29448371 0.18661181
vt 0.29448371 0.16225835
vt 0.29448371 0.16957908
vt 0.29448371 0.17929109
vt 0.29448371 0.18661181
vt 0.29514544 0.16229454
vt 0.29514544 0.16959472
vt 0.29514544 0.17927544
vt 0.29514544 0.18657563
vt 0.29709796 0.20935715
vt 0.29709796 0.20935715
vt 0.29709796 0.40428430
vt 0.29709796 0.59952287
vt 0.29709796 0.79476143
vt 0.29709796 0.98951846
vt 0.29709796 0.40428430
vt 0.29709796 0.59952287
vt 0.29709796 0.79476143
vt 0.29709796 0.98951846
vt 0.34210913 0.16229454
vt 0.34210913 0.16959472
vt 0.34210913 0.17927544
vt 0.34210913 0.18657563
vt 0.34236337 0.16230243
vt 0.34236337 0.16959753
vt 0.34236337 0.17927263
vt 0.34236337 0.18656774
vt 0.34236337 0.16230243
vt 0.34236337 0.16959753
vt 0.34236337 0.17927263
vt 0.34236337 0.18656774
vt 0.34236337 0.16230243
vt 0.34236337 0.16959753
vt 0.34236337 0.17927263
vt 0.34236337 0.18656774
vt 0.34364911 0.16225835
vt 0.34364911 0.16957908
vt 0.34364911 0.17929109
vt 0.34364911 0.18661181
vt 0.34364911 0.16225835
vt 0.34364911 0.16957908
vt 0.34364911 0.17929109
vt 0.34364911 0.18661181
vt 0.34364911 0.16225835
vt 0.34364911 0.16957908
vt 0.34364911 0.17929109
vt 0.34364911 0.18661181
vt 0.34364911 0.16225835
vt 0.34364911 0.16957908
vt 0.34364911 0.17929109
vt 0.34364911 0.18661181
vt 0.34475535 0.20935715
vt 0.34475535 0.20935715
vt 0.34475535 0.40428430
vt 0.34475535 0.59952287
vt 0.34475535 0.79476143
vt 0.34475535 0.98951846
vt 0.34475535 0.40428430
vt 0.34475535 0.59952287
vt 0.34475535 0.79476143
vt 0.34475535 0.98951846
vt 0.38949615 0.16229454
vt 0.38949615 0.16959472
vt 0.38949615 0.17927544
vt 0.38949615 0.18657563
vt 0.39072765 0.16230243
vt 0.39072765 0.16959753
vt 0.39072765 0.17927263
vt 0.39072765 0.18656774
vt 0.39072765 0.16230243
vt 0.39072765 0.16959753
vt 0.39072765 0.17927263
vt 0.39072765 0.18656774
vt 0.39072765 0.16230243
vt 0.39072765 0.16959753
vt 0.39072765 0.17927263
vt 0.39072765 0.18656774
vt 0.39172240 0.16225835
vt 0.39172240 0.16957908
vt 0.39172240 0.17929109
vt 0.39172240 0.18661181
vt 0.39172240 0.16225835
vt 0.39172240 0.16957908
vt 0.39172240 0.17929109
vt 0.39172240 0.18661181
vt 0.39172240 0.16225835
vt 0.39172240 0.16957908
vt 0.39172240 0.17929109
vt 0.39172240 0.18661181
vt 0.39172240 0.16225835
vt 0.39172240 0.16957908
vt 0.39172240 0.17929109
vt 0.39172240 0.18661181
vt 0.39241274 0.20935715
vt 0.39241274 0.20935715
vt 0.39241274 0.40428430
vt 0.39241274 0.40428430
vt 0.39241274 0.59952287
vt 0.39241274 0.79476143
vt 0.39241274 0.59952287
vt 0.39241274 0.98951846
vt 0.39241274 0.79476143
vt 0.39241274 0.98951846
vt 0.43947734 0.16230243
vt 0.43947734 0.16230243
vt 0.43947734 0.16230243
vt 0.43947770 0.18661181
vt 0.43947770 0.16225835
vt 0.43947770 0.16225835
vt 0.43947770 0.18661181
vt 0.43947778 0.18657563
vt 0.43947778 0.16959472
vt 0.43947778 0.17927544
vt 0.43947778 0.16959753
vt 0.43947778 0.17927263
vt 0.43947778 0.16959753
vt 0.43947778 0.17927263
vt 0.43947778 0.16229454
vt 0.43947778 0.16959753
vt 0.43947778 0.17927263
vt 0.43947778 0.16957908
vt 0.43947778 0.17929109
vt 0.43947778 0.16957908
vt 0.43947778 0.17929109
vt 0.43947778 0.16957908
vt 0.43947778 0.17929109
vt 0.43947778 0.16957908
vt 0.43947778 0.17929109
vt 0.43947786 0.16225835
vt 0.43947786 0.18661181
vt 0.43947786 0.16225835
vt 0.43947786 0.18661181
vt 0.43947822 0.18656774
vt 0.43947822 0.18656774
vt 0.43947822 0.18656774
vt 0.44007013 0.20935715
vt 0.44007013 0.20935715
vt 0.44007013 0.40428430
vt 0.44007013 0.40428430
vt 0.44007013 0.59952287
vt 0.44007013 0.79476143
vt 0.44007013 0.59952287
vt 0.44007013 0.98951846
vt 0.44007013 0.79476143
vt 0.44007013 0.98951846
vt 0.48722437 0.16225835
vt 0.48722437 0.18661181
vt 0.48722437 0.18661181
vt 0.48722437 0.16225835
vt 0.48723337 0.16957908
vt 0.48723337 0.17929109
vt 0.48723337 0.17929109
vt 0.48723337 0.16957908
vt 0.48723658 0.18661181
vt 0.48723658 0.16225835
vt 0.48723658 0.16225835
vt 0.48723658 0.18661181
vt 0.48723829 0.17929109
vt 0.48723829 0.16957908
vt 0.48723829 0.16957908
vt 0.48723829 0.17929109
vt 0.48772752 0.20935715
vt 0.48772752 0.20935715
vt 0.48772752 0.40428430
vt 0.48772752 0.40428430
vt 0.48772752 0.59952287
vt 0.48772752 0.59952287
vt 0.48772752 0.79476143
vt 0.48772752 0.79476143
vt 0.48772752 0.98951846
vt 0.48772752 0.98951846
vt 0.48819773 0.18656774
vt 0.48819773 0.18656774
vt 0.48819773 0.18656774
vt 0.48821138 0.17927263
vt 0.48821138 0.17927263
vt 0.48821138 0.17927263
vt 0.48823819 0.16959753
vt 0.48823819 0.16959753
vt 0.48823819 0.16959753
vt 0.48826431 0.16230243
vt 0.48826431 0.16230243
vt 0.48826431 0.16230243
vt 0.48943842 0.17927544
vt 0.48943842 0.16959472
vt 0.48948038 0.18657563
vt 0.48948038 0.16229454
vt 0.53526845 0.16225835
vt 0.53526845 0.18661181
vt 0.53526845 0.18661181
vt 0.53526845 0.16225835
vt 0.53530952 0.16957908
vt 0.53530952 0.17929109
vt 0.53530952 0.17929109
vt 0.53530952 0.16957908
vt 0.53531827 0.18661181
vt 0.53531827 0.16225835
vt 0.53531827 0.16225835
vt 0.53531827 0.18661181
vt 0.53532955 0.17929109
vt 0.53532955 0.16957908
vt 0.53532955 0.16957908
vt 0.53532955 0.17929109
vt 0.53538491 0.20935715
vt 0.53538491 0.40428430
vt 0.53538491 0.59952287
vt 0.53538491 0.20935715
vt 0.53538491 0.40428430
vt 0.53538491 0.59952287
vt 0.53538491 0.79476143
vt 0.53538491 0.79476143
vt 0.53538491 0.98951846
vt 0.53538491 0.98951846
vt 0.53645703 0.18656774
vt 0.53645703 0.18656774
vt 0.53645703 0.18656774
vt 0.53653897 0.17927263
vt 0.53653897 0.17927263
vt 0.53653897 0.17927263
vt 0.53664574 0.16959753
vt 0.53664574 0.16959753
vt 0.53664574 0.16959753
vt 0.53672700 0.16230243
vt 0.53672700 0.16230243
vt 0.53672700 0.16230243
vt 0.53684609 0.18657563
vt 0.53684609 0.16229454
vt 0.53684675 0.17927544
vt 0.53684675 0.16959472
vt 0.58304230 0.20935715
vt 0.58304230 0.40428430
vt 0.58304230 0.59952287
vt 0.58304230 0.20935715
vt 0.58304230 0.40428430
vt 0.58304230 0.59952287
vt 0.58304230 0.79476143
vt 0.58304230 0.79476143
vt 0.58304230 0.98951846
vt 0.58304230 0.98951846
vt 0.58381011 0.16229454
vt 0.58381011 0.16959472
vt 0.58381011 0.17927544
vt 0.58381011 0.18657563
vt 0.58447185 0.16225835
vt 0.58447185 0.16957908
vt 0.58447185 0.17929109
vt 0.58447185 0.18661181
vt 0.58447185 0.16225835
vt 0.58447185 0.16957908
vt 0.58447185 0.17929109
vt 0.58447185 0.18661181
vt 0.58447185 0.16225835
vt 0.58447185 0.16957908
vt 0.58447185 0.17929109
vt 0.58447185 0.18661181
vt 0.58447185 0.16225835
vt 0.58447185 0.16957908
vt 0.58447185 0.17929109
vt 0.58447185 0.18661181
vt 0.58448559 0.16230243
vt 0.58448559 0.16959753
vt 0.58448559 0.17927263
vt 0.58448559 0.18656774
vt 0.58448559 0.16230243
vt 0.58448559 0.16959753
vt 0.58448559 0.17927263
vt 0.58448559 0.18656774
vt 0.58448559 0.16230243
vt 0.58448559 0.16959753
vt 0.58448559 0.17927263
vt 0.58448559 0.18656774
vt 0.60424845 0.19993303
vt 0.60424845 0.97676320
vt 0.60424845 0.19993303
vt 0.60424845 0.97676320
vt 0.61733235 0.97676320
vt 0.61733235 0.98991852
vt 0.61733235 0.19993303
vt 0.61733235 0.97676320
vt 0.61733235 0.98991852
vt 0.61733235 0.18718449
vt 0.61733235 0.18718449
vt 0.61733235 0.19993303
vt 0.64153066 0.98671395
vt 0.64153066 0.98671395
vt 0.64153066 0.19038906
vt 0.64153066 0.19038906
vt 0.66616933 0.97676320
vt 0.66616933 0.18718449
vt 0.66616933 0.19993303
vt 0.66616933 0.97676320
vt 0.66616933 0.98991852
vt 0.66616933 0.18718449
vt 0.66616933 0.19993303
vt 0.66616933 0.98991852
vt 0.67874930 0.19993303
vt 0.67874930 0.97676320
vt 0.67874930 0.19993303
vt 0.67874930 0.97676320
vn 1.00000000 0.0000000e+0 -2.3795816e-16
vn 0.96592583 0.0000000e+0 0.25881901
vn 0.86602543 0.0000000e+0 0.49999995
vn 0.70710683 0.0000000e+0 0.70710673
vn 0.50000005 0.0000000e+0 0.86602538
vn 0.25881908 0.0000000e+0 0.96592582
vn 1.6797046e-16 0.0000000e+0 1.00000000
vn -0.25881908 0.0000000e+0 0.96592582
vn -0.50000005 0.0000000e+0 0.86602538
vn -0.70710683 0.0000000e+0 0.70710673
vn -0.86602543 0.0000000e+0 0.49999995
vn -0.96592583 0.0000000e+0 0.25881901
vn -1.00000000 0.0000000e+0 3.4993847e-16
vn -0.96592583 0.0000000e+0 -0.25881901
vn -0.86602543 0.0000000e+0 -0.49999995
vn -0.70710683 0.0000000e+0 -0.70710673
vn -0.50000005 0.0000000e+0 -0.86602538
vn -0.25881908 0.0000000e+0 -0.96592582
vn -4.7591632e-16 0.0000000e+0 -1.00000000
vn 0.25881908 0.0000000e+0 -0.96592582
vn 0.50000005 0.0000000e+0 -0.86602538
vn 0.70710683 0.0000000e+0 -0.70710673
vn 0.86602543 0.0000000e+0 -0.49999995
vn 0.96592583 0.0000000e+0 -0.25881901
vn 0.0000000e+0 -1.00000000 0.0000000e+0
vn 0.0000000e+0 -1.00000000 0.0000000e+0
vn 0.0000000e+0 -1.00000000 0.0000000e+0
vn 0.0000000e+0 -1.00000000 0.0000000e+0
vn 0.0000000e+0 -1.00000000 0.0000000e+0
vn 0.0000000e+0 -1.00000000 0.0000000e+0
vn 0.0000000e+0 -1.00000000 0.0000000e+0
vn 0.0000000e+0 -1.00000000 0.0000000e+0
vn 0.0000000e+0 -1.00000000 0.0000000e+0
vn 0.0000000e+0 -1.00000000 0.0000000e+0
vn 0.0000000e+0 -1.00000000 0.0000000e+0
vn 0.0000000e+0 -1.00000000 0.0000000e+0
vn 0.0000000e+0 -1.00000000 0.0000000e+0
vn 0.0000000e+0 -1.00000000 0.0000000e+0
vn 0.0000000e+0 -1.00000000 0.0000000e+0
vn 0.0000000e+0 -1.00000000 0.0000000e+0
vn 0.0000000e+0 -1.00000000 0.0000000e+0
vn 0.0000000e+0 -1.00000000 0.0000000e+0
vn 0.0000000e+0 -1.00000000 0.0000000e+0
vn 0.0000000e+0 -1.00000000 0.0000000e+0
vn 0.0000000e+0 -1.00000000 0.0000000e+0
vn 0.0000000e+0 -1.00000000 0.0000000e+0
vn 0.0000000e+0 -1.00000000 0.0000000e+0
vn 0.0000000e+0 -1.00000000 0.0000000e+0
vn 0.0000000e+0 1.00000000 0.0000000e+0
vn 0.0000000e+0 1.00000000 0.0000000e+0
vn 0.0000000e+0 1.00000000 0.0000000e+0
vn 0.0000000e+0 1.00000000 0.0000000e+0
vn 0.0000000e+0 1.00000000 0.0000000e+0
vn 0.0000000e+0 1.00000000 0.0000000e+0
vn 0.0000000e+0 1.00000000 0.0000000e+0
vn 0.0000000e+0 1.00000000 0.0000000e+0
vn 0.0000000e+0 1.00000000 0.0000000e+0
vn 0.0000000e+0 1.00000000 0.0000000e+0
vn 0.0000000e+0 1.00000000 0.0000000e+0
vn 0.0000000e+0 1.00000000 0.0000000e+0
vn 0.0000000e+0 1.00000000 0.0000000e+0
vn 0.0000000e+0 1.00000000 0.0000000e+0
vn 0.0000000e+0 1.00000000 0.0000000e+0
vn 0.0000000e+0 1.00000000 0.0000000e+0
vn 0.0000000e+0 1.00000000 0.0000000e+0
vn 0.0000000e+0 1.00000000 0.0000000e+0
vn 0.0000000e+0 1.00000000 0.0000000e+0
vn 0.0000000e+0 1.00000000 0.0000000e+0
vn 0.0000000e+0 1.00000000 0.0000000e+0
vn 0.0000000e+0 1.00000000 0.0000000e+0
vn 0.0000000e+0 1.00000000 0.0000000e+0
vn 0.0000000e+0 1.00000000 0.0000000e+0
vn 0.0000000e+0 -1.00000000 0.0000000e+0
vn 0.0000000e+0 -1.00000000 0.0000000e+0
vn 0.0000000e+0 -1.00000000 0.0000000e+0
vn 0.0000000e+0 -1.00000000 0.0000000e+0
vn 0.0000000e+0 -1.00000000 0.0000000e+0
vn 0.0000000e+0 -1.00000000 0.0000000e+0
vn 0.0000000e+0 -1.00000000 0.0000000e+0
vn 0.0000000e+0 -1.00000000 0.0000000e+0
vn 0.0000000e+0 -1.00000000 0.0000000e+0
vn 0.0000000e+0 -1.00000000 0.0000000e+0
vn 0.0000000e+0 -1.00000000 0.0000000e+0
vn 0.0000000e+0 -1.00000000 0.0000000e+0
vn 0.0000000e+0 -1.00000000 0.0000000e+0
vn 0.0000000e+0 -1.00000000 0.0000000e+0
vn 0.0000000e+0 -1.00000000 0.0000000e+0
vn 0.0000000e+0 -1.00000000 0.0000000e+0
vn 0.0000000e+0 -1.00000000 0.0000000e+0
vn 0.0000000e+0 -1.00000000 0.0000000e+0
vn 0.0000000e+0 -1.00000000 0.0000000e+0
vn 0.0000000e+0 -1.00000000 0.0000000e+0
vn 0.0000000e+0 -1.00000000 0.0000000e+0
vn 0.0000000e+0 -1.00000000 0.0000000e+0
vn 0.0000000e+0 -1.00000000 0.0000000e+0
vn 0.0000000e+0 -1.00000000 0.0000000e+0
vn 0.0000000e+0 1.00000000 0.0000000e+0
vn 0.0000000e+0 1.00000000 0.0000000e+0
vn 0.0000000e+0 1.00000000 0.0000000e+0
vn 0.0000000e+0 1.00000000 0.0000000e+0
vn 0.0000000e+0 1.00000000 0.0000000e+0
vn 0.0000000e+0 1.00000000 0.0000000e+0
vn 0.0000000e+0 1.00000000 0.0000000e+0
vn 0.0000000e+0 1.00000000 0.0000000e+0
vn 0.0000000e+0 1.00000000 0.0000000e+0
vn 0.0000000e+0 1.00000000 0.0000000e+0
vn 0.0000000e+0 1.00000000 0.0000000e+0
vn 0.0000000e+0 1.00000000 0.0000000e+0
vn 0.0000000e+0 1.00000000 0.0000000e+0
vn 0.0000000e+0 1.00000000 0.0000000e+0
vn 0.0000000e+0 1.00000000 0.0000000e+0
vn 0.0000000e+0 1.00000000 0.0000000e+0
vn 0.0000000e+0 1.00000000 0.0000000e+0
vn 0.0000000e+0 1.00000000 0.0000000e+0
vn 0.0000000e+0 1.00000000 0.0000000e+0
vn 0.0000000e+0 1.00000000 0.0000000e+0
vn 0.0000000e+0 1.00000000 0.0000000e+0
vn 0.0000000e+0 1.00000000 0.0000000e+0
vn 0.0000000e+0 1.00000000 0.0000000e+0
vn 0.0000000e+0 1.00000000 0.0000000e+0
vn 0.96592583 0.0000000e+0 -0.25881901
vn 0.86602543 0.0000000e+0 -0.49999995
vn 0.70710683 0.0000000e+0 -0.70710673
vn 0.50000005 0.0000000e+0 -0.86602538
vn 0.25881908 0.0000000e+0 -0.96592582
vn -4.7591632e-16 0.0000000e+0 -1.00000000
vn -0.25881908 0.0000000e+0 -0.96592582
vn -0.50000005 0.0000000e+0 -0.86602538
vn -0.70710683 0.0000000e+0 -0.70710673
vn -0.86602543 0.0000000e+0 -0.49999995
vn -0.96592583 0.0000000e+0 -0.25881901
vn -1.00000000 0.0000000e+0 3.4993847e-16
vn -0.96592583 0.0000000e+0 0.25881901
vn -0.86602543 0.0000000e+0 0.49999995
vn -0.70710683 0.0000000e+0 0.70710673
vn -0.50000005 0.0000000e+0 0.86602538
vn -0.25881908 0.0000000e+0 0.96592582
vn 1.6797046e-16 0.0000000e+0 1.00000000
vn 0.25881908 0.0000000e+0 0.96592582
vn 0.50000005 0.0000000e+0 0.86602538
vn 0.70710683 0.0000000e+0 0.70710673
vn 0.86602543 0.0000000e+0 0.49999995
vn 0.96592583 0.0000000e+0 0.25881901
vn 1.00000000 0.0000000e+0 -2.3795816e-16
vn 0.96592583 0.0000000e+0 -0.25881901
vn 0.86602543 0.0000000e+0 -0.49999995
vn 0.70710683 0.0000000e+0 -0.70710673
vn 0.50000005 0.0000000e+0 -0.86602538
vn 0.25881908 0.0000000e+0 -0.96592582
vn -4.7591632e-16 0.0000000e+0 -1.00000000
vn -0.25881908 0.0000000e+0 -0.96592582
vn -0.50000005 0.0000000e+0 -0.86602538
vn -0.70710683 0.0000000e+0 -0.70710673
vn -0.86602543 0.0000000e+0 -0.49999995
vn -0.96592583 0.0000000e+0 -0.25881901
vn -1.00000000 0.0000000e+0 3.4993847e-16
vn -0.96592583 0.0000000e+0 0.25881901
vn -0.86602543 0.0000000e+0 0.49999995
vn -0.70710683 0.0000000e+0 0.70710673
vn -0.50000005 0.0000000e+0 0.86602538
vn -0.25881908 0.0000000e+0 0.96592582
vn 1.6797046e-16 0.0000000e+0 1.00000000
vn 0.25881908 0.0000000e+0 0.96592582
vn 0.50000005 0.0000000e+0 0.86602538
vn 0.70710683 0.0000000e+0 0.70710673
vn 0.86602543 0.0000000e+0 0.49999995
vn 0.96592583 0.0000000e+0 0.25881901
vn 1.00000000 0.0000000e+0 -2.3795816e-16
vn 0.96592583 0.0000000e+0 -0.25881901
vn 0.86602543 0.0000000e+0 -0.49999995
vn 0.70710683 0.0000000e+0 -0.70710673
vn 0.50000005 0.0000000e+0 -0.86602538
vn 0.25881908 0.0000000e+0 -0.96592582
vn -4.7591632e-16 0.0000000e+0 -1.00000000
vn -0.25881908 0.0000000e+0 -0.96592582
vn -0.50000005 0.0000000e+0 -0.86602538
vn -0.70710683 0.0000000e+0 -0.70710673
vn -0.86602543 0.0000000e+0 -0.49999995
vn -0.96592583 0.0000000e+0 -0.25881901
vn -1.00000000 0.0000000e+0 3.4993847e-16
vn -0.96592583 0.0000000e+0 0.25881901
vn -0.86602543 0.0000000e+0 0.49999995
vn -0.70710683 0.0000000e+0 0.70710673
vn -0.50000005 0.0000000e+0 0.86602538
vn -0.25881908 0.0000000e+0 0.96592582
vn 1.6797046e-16 0.0000000e+0 1.00000000
vn 0.25881908 0.0000000e+0 0.96592582
vn 0.50000005 0.0000000e+0 0.86602538
vn 0.70710683 0.0000000e+0 0.70710673
vn 0.86602543 0.0000000e+0 0.49999995
vn 0.96592583 0.0000000e+0 0.25881901
vn 1.00000000 0.0000000e+0 -2.3795816e-16
vn 0.0000000e+0 -1.00000000 0.0000000e+0
vn 0.79335334 0.0000000e+0 0.60876143
vn 0.60876143 0.0000000e+0 -0.79335334
vn 0.0000000e+0 -1.00000000 0.0000000e+0
vn 0.60876143 0.0000000e+0 -0.79335334
vn 0.0000000e+0 1.00000000 0.0000000e+0
vn 0.79335334 0.0000000e+0 0.60876143
vn 0.60876143 0.0000000e+0 -0.79335334
vn 0.0000000e+0 1.00000000 0.0000000e+0
vn 0.60876143 0.0000000e+0 -0.79335334
vn 0.0000000e+0 -1.00000000 0.0000000e+0
vn 0.79335334 0.0000000e+0 0.60876143
vn -0.60876143 0.0000000e+0 0.79335334
vn 0.0000000e+0 -1.00000000 0.0000000e+0
vn -0.60876143 0.0000000e+0 0.79335334
vn 0.0000000e+0 1.00000000 0.0000000e+0
vn 0.79335334 0.0000000e+0 0.60876143
vn -0.60876143 0.0000000e+0 0.79335334
vn 0.0000000e+0 1.00000000 0.0000000e+0
vn -0.60876143 0.0000000e+0 0.79335334
vn 1.00000000 0.0000000e+0 -2.3795816e-16
vn 1.00000000 0.0000000e+0 -2.3795816e-16
vn 0.96592583 0.0000000e+0 0.25881901
vn 0.96592583 0.0000000e+0 0.25881901
vn 0.86602543 0.0000000e+0 0.49999995
vn 0.86602543 0.0000000e+0 0.49999995
vn 0.70710683 0.0000000e+0 0.70710673
vn 0.70710683 0.0000000e+0 0.70710673
vn 0.50000005 0.0000000e+0 0.86602538
vn 0.50000005 0.0000000e+0 0.86602538
vn 0.25881908 0.0000000e+0 0.96592582
vn 0.25881908 0.0000000e+0 0.96592582
vn 1.6797046e-16 0.0000000e+0 1.00000000
vn 1.6797046e-16 0.0000000e+0 1.00000000
vn -0.25881908 0.0000000e+0 0.96592582
vn -0.25881908 0.0000000e+0 0.96592582
vn -0.50000005 0.0000000e+0 0.86602538
vn -0.50000005 0.0000000e+0 0.86602538
vn -0.70710683 0.0000000e+0 0.70710673
vn -0.70710683 0.0000000e+0 0.70710673
vn -0.86602543 0.0000000e+0 0.49999995
vn -0.86602543 0.0000000e+0 0.49999995
vn -0.96592583 0.0000000e+0 0.25881901
vn -0.96592583 0.0000000e+0 0.25881901
vn -1.00000000 0.0000000e+0 3.4993847e-16
vn -1.00000000 0.0000000e+0 3.4993847e-16
vn -0.96592583 0.0000000e+0 -0.25881901
vn -0.96592583 0.0000000e+0 -0.25881901
vn -0.86602543 0.0000000e+0 -0.49999995
vn -0.86602543 0.0000000e+0 -0.49999995
vn -0.70710683 0.0000000e+0 -0.70710673
vn -0.70710683 0.0000000e+0 -0.70710673
vn -0.50000005 0.0000000e+0 -0.86602538
vn -0.50000005 0.0000000e+0 -0.86602538
vn -0.25881908 0.0000000e+0 -0.96592582
vn -0.25881908 0.0000000e+0 -0.96592582
vn -4.7591632e-16 0.0000000e+0 -1.00000000
vn -4.7591632e-16 0.0000000e+0 -1.00000000
vn 0.25881908 0.0000000e+0 -0.96592582
vn 0.25881908 0.0000000e+0 -0.96592582
vn 0.50000005 0.0000000e+0 -0.86602538
vn 0.50000005 0.0000000e+0 -0.86602538
vn 0.70710683 0.0000000e+0 -0.70710673
vn 0.70710683 0.0000000e+0 -0.70710673
vn 0.86602543 0.0000000e+0 -0.49999995
vn 0.86602543 0.0000000e+0 -0.49999995
vn 0.96592583 0.0000000e+0 -0.25881901
vn 0.96592583 0.0000000e+0 -0.25881901
vn 0.0000000e+0 -1.00000000 0.0000000e+0
vn 0.96592584 6.9388940e-18 0.25881901
vn 0.0000000e+0 -1.00000000 0.0000000e+0
vn -0.25881908 1.9985202e-17 0.96592582
vn 0.0000000e+0 -1.00000000 0.0000000e+0
vn 0.96592584 6.9388940e-18 0.25881901
vn 0.25881908 -2.0393063e-17 -0.96592582
vn 0.0000000e+0 -1.00000000 0.0000000e+0
vn 0.96592584 6.9388940e-18 0.25881901
vn 0.0000000e+0 1.00000000 0.0000000e+0
vn -0.25881908 1.9985202e-17 0.96592582
vn 0.0000000e+0 1.00000000 0.0000000e+0
vn 0.96592584 6.9388940e-18 0.25881901
vn 0.0000000e+0 1.00000000 0.0000000e+0
vn 0.25881908 -2.0393063e-17 -0.96592582
vn 0.0000000e+0 1.00000000 0.0000000e+0
vn -0.25881908 1.9985202e-17 0.96592582
vn 0.0000000e+0 1.00000000 0.0000000e+0
vn 0.0000000e+0 -1.00000000 0.0000000e+0
vn -0.25881908 1.9985202e-17 0.96592582
vn 0.0000000e+0 -1.00000000 0.0000000e+0
vn 0.0000000e+0 -1.00000000 0.0000000e+0
vn 0.0000000e+0 -1.00000000 0.0000000e+0
vn 0.0000000e+0 1.00000000 0.0000000e+0
vn 0.0000000e+0 1.00000000 0.0000000e+0
vn 0.0000000e+0 1.00000000 0.0000000e+0
vn 0.25881908 -2.0393063e-17 -0.96592582
vn 0.0000000e+0 -1.00000000 0.0000000e+0
vn 0.0000000e+0 1.00000000 0.0000000e+0
vn 0.25881908 -2.0393063e-17 -0.96592582
vn 0.0000000e+0 -1.00000000 0.0000000e+0
vn -0.96592584 6.9388940e-18 -0.25881901
vn 0.0000000e+0 -1.00000000 0.0000000e+0
vn 0.25881908 1.9985202e-17 -0.96592582
vn 0.0000000e+0 -1.00000000 0.0000000e+0
vn -0.96592584 6.9388940e-18 -0.25881901
vn -0.25881908 -2.0393063e-17 0.96592582
vn 0.0000000e+0 -1.00000000 0.0000000e+0
vn -0.96592584 6.9388940e-18 -0.25881901
vn 0.0000000e+0 1.00000000 0.0000000e+0
vn 0.25881908 1.9985202e-17 -0.96592582
vn 0.0000000e+0 1.00000000 0.0000000e+0
vn -0.96592584 6.9388940e-18 -0.25881901
vn 0.0000000e+0 1.00000000 0.0000000e+0
vn -0.25881908 -2.0393063e-17 0.96592582
vn 0.0000000e+0 1.00000000 0.0000000e+0
vn 0.25881908 1.9985202e-17 -0.96592582
vn 0.0000000e+0 1.00000000 0.0000000e+0
vn 0.0000000e+0 -1.00000000 0.0000000e+0
vn 0.25881908 1.9985202e-17 -0.96592582
vn 0.0000000e+0 -1.00000000 0.0000000e+0
vn 0.0000000e+0 -1.00000000 0.0000000e+0
vn 0.0000000e+0 -1.00000000 0.0000000e+0
vn 0.0000000e+0 1.00000000 0.0000000e+0
vn 0.0000000e+0 1.00000000 0.0000000e+0
vn 0.0000000e+0 1.00000000 0.0000000e+0
vn -0.25881908 -2.0393063e-17 0.96592582
vn 0.0000000e+0 -1.00000000 0.0000000e+0
vn 0.0000000e+0 1.00000000 0.0000000e+0
vn -0.25881908 -2.0393063e-17 0.96592582
vn 0.0000000e+0 -1.00000000 0.0000000e+0
vn -0.79335334 0.0000000e+0 -0.60876143
vn -0.60876143 0.0000000e+0 0.79335334
vn 0.0000000e+0 -1.00000000 0.0000000e+0
vn -0.60876143 0.0000000e+0 0.79335334
vn 0.0000000e+0 1.00000000 0.0000000e+0
vn -0.79335334 0.0000000e+0 -0.60876143
vn -0.60876143 0.0000000e+0 0.79335334
vn 0.0000000e+0 1.00000000 0.0000000e+0
vn -0.60876143 0.0000000e+0 0.79335334
vn 0.0000000e+0 -1.00000000 0.0000000e+0
vn -0.79335334 0.0000000e+0 -0.60876143
vn 0.60876143 0.0000000e+0 -0.79335334
vn 0.0000000e+0 -1.00000000 0.0000000e+0
vn 0.60876143 0.0000000e+0 -0.79335334
vn 0.0000000e+0 1.00000000 0.0000000e+0
vn -0.79335334 0.0000000e+0 -0.60876143
vn 0.60876143 0.0000000e+0 -0.79335334
vn 0.0000000e+0 1.00000000 0.0000000e+0
vn 0.60876143 0.0000000e+0 -0.79335334
vn 0.0000000e+0 -1.00000000 0.0000000e+0
vn -0.60876143 0.0000000e+0 0.79335334
vn 0.79335334 0.0000000e+0 0.60876143
vn 0.0000000e+0 -1.00000000 0.0000000e+0
vn 0.79335334 0.0000000e+0 0.60876143
vn 0.0000000e+0 1.00000000 0.0000000e+0
vn -0.60876143 0.0000000e+0 0.79335334
vn 0.79335334 0.0000000e+0 0.60876143
vn 0.0000000e+0 1.00000000 0.0000000e+0
vn 0.79335334 0.0000000e+0 0.60876143
vn 0.0000000e+0 -1.00000000 0.0000000e+0
vn -0.60876143 0.0000000e+0 0.79335334
vn -0.79335334 0.0000000e+0 -0.60876143
vn 0.0000000e+0 -1.00000000 0.0000000e+0
vn -0.79335334 0.0000000e+0 -0.60876143
vn 0.0000000e+0 1.00000000 0.0000000e+0
vn -0.60876143 0.0000000e+0 0.79335334
vn -0.79335334 0.0000000e+0 -0.60876143
vn 0.0000000e+0 1.00000000 0.0000000e+0
vn -0.79335334 0.0000000e+0 -0.60876143
vn 0.0000000e+0 -1.00000000 0.0000000e+0
vn 0.60876143 0.0000000e+0 -0.79335334
vn -0.79335334 0.0000000e+0 -0.60876143
vn 0.0000000e+0 -1.00000000 0.0000000e+0
vn -0.79335334 0.0000000e+0 -0.60876143
vn 0.0000000e+0 1.00000000 0.0000000e+0
vn 0.60876143 0.0000000e+0 -0.79335334
vn -0.79335334 0.0000000e+0 -0.60876143
vn 0.0000000e+0 1.00000000 0.0000000e+0
vn -0.79335334 0.0000000e+0 -0.60876143
vn 0.0000000e+0 -1.00000000 0.0000000e+0
vn 0.60876143 0.0000000e+0 -0.79335334
vn 0.79335334 0.0000000e+0 0.60876143
vn 0.0000000e+0 -1.00000000 0.0000000e+0
vn 0.79335334 0.0000000e+0 0.60876143
vn 0.0000000e+0 1.00000000 0.0000000e+0
vn 0.60876143 0.0000000e+0 -0.79335334
vn 0.79335334 0.0000000e+0 0.60876143
vn 0.0000000e+0 1.00000000 0.0000000e+0
vn 0.79335334 0.0000000e+0 0.60876143
vn 1.00000000 0.0000000e+0 -2.2396062e-16
vn 1.00000000 0.0000000e+0 -2.2396062e-16
vn 0.0000000e+0 1.00000000 0.0000000e+0
vn 0.0000000e+0 1.00000000 0.0000000e+0
vn 0.96592583 0.0000000e+0 0.25881905
vn 0.96592583 0.0000000e+0 0.25881905
vn 0.0000000e+0 1.00000000 0.0000000e+0
vn 0.0000000e+0 1.00000000 0.0000000e+0
vn 0.86602540 0.0000000e+0 0.50000000
vn 0.86602540 0.0000000e+0 0.50000000
vn 0.0000000e+0 1.00000000 0.0000000e+0
vn 0.0000000e+0 1.00000000 0.0000000e+0
vn 0.70710678 0.0000000e+0 0.70710678
vn 0.70710678 0.0000000e+0 0.70710678
vn 0.0000000e+0 1.00000000 0.0000000e+0
vn 0.0000000e+0 1.00000000 0.0000000e+0
vn 0.50000000 0.0000000e+0 0.86602540
vn 0.50000000 0.0000000e+0 0.86602540
vn 0.0000000e+0 1.00000000 0.0000000e+0
vn 0.0000000e+0 1.00000000 0.0000000e+0
vn 0.25881905 0.0000000e+0 0.96592583
vn 0.25881905 0.0000000e+0 0.96592583
vn 0.0000000e+0 1.00000000 0.0000000e+0
vn 0.0000000e+0 1.00000000 0.0000000e+0
vn 1.5397293e-16 0.0000000e+0 1.00000000
vn 1.5397293e-16 0.0000000e+0 1.00000000
