# Exported from Wings 3D 1.5.4
mtllib ./fuel tank 2m.mtl
o 1
#84 vertices, 52 faces
v 0.79528713 -0.95000000 0.53146576
v 0.76553638 -0.95000000 0.50863720
v 0.79528713 -0.82500000 0.53146576
v 0.76553638 -0.82500000 0.50863720
v 0.71919196 -0.95000000 0.63063492
v 0.68944121 -0.95000000 0.60780637
v 0.71919196 -0.82500000 0.63063492
v 0.68944121 -0.82500000 0.60780637
v 0.93749987 1.00000000 -2.0961242e-18
v 0.90555534 1.00000000 0.24264285
v 0.81189871 1.00000000 0.46875000
v 0.66291252 1.00000000 0.66291261
v 0.46874994 1.00000000 0.81189882
v 0.24264282 1.00000000 0.90555546
v 4.8731682e-17 1.00000000 0.93750000
v -0.24264282 1.00000000 0.90555546
v -0.46874994 1.00000000 0.81189882
v -0.66291252 1.00000000 0.66291261
v -0.81189871 1.00000000 0.46875000
v -0.90555534 1.00000000 0.24264285
v -0.93749987 1.00000000 1.1271451e-16
v -0.90555534 1.00000000 -0.24264285
v -0.81189871 1.00000000 -0.46875000
v -0.66291252 1.00000000 -0.66291261
v -0.46874994 1.00000000 -0.81189882
v -0.24264282 1.00000000 -0.90555546
v -1.8088956e-16 1.00000000 -0.93750000
v 0.24264282 1.00000000 -0.90555546
v 0.46874994 1.00000000 -0.81189882
v 0.66291252 1.00000000 -0.66291261
v 0.81189871 1.00000000 -0.46875000
v 0.90555534 1.00000000 -0.24264285
v 0.93749987 -1.00000000 -2.0961242e-18
v 0.90555534 -1.00000000 0.24264285
v 0.81189871 -1.00000000 0.46875000
v 0.66291252 -1.00000000 0.66291261
v 0.46874994 -1.00000000 0.81189882
v 0.24264282 -1.00000000 0.90555546
v 4.8731682e-17 -1.00000000 0.93750000
v -0.24264282 -1.00000000 0.90555546
v -0.46874994 -1.00000000 0.81189882
v -0.66291252 -1.00000000 0.66291261
v -0.81189871 -1.00000000 0.46875000
v -0.90555534 -1.00000000 0.24264285
v -0.93749987 -1.00000000 1.1271451e-16
v -0.90555534 -1.00000000 -0.24264285
v -0.81189871 -1.00000000 -0.46875000
v -0.66291252 -1.00000000 -0.66291261
v -0.46874994 -1.00000000 -0.81189882
v -0.24264282 -1.00000000 -0.90555546
v -1.8088956e-16 -1.00000000 -0.93750000
v 0.24264282 -1.00000000 -0.90555546
v 0.46874994 -1.00000000 -0.81189882
v 0.66291252 -1.00000000 -0.66291261
v 0.81189871 -1.00000000 -0.46875000
v 0.90555534 -1.00000000 -0.24264285
v 0.92149925 -1.00000000 0.37632454
v 0.98620400 -1.00000000 0.13484308
v 0.92149925 1.00000000 0.37632454
v 0.98620400 1.00000000 0.13484308
v 0.85730715 1.00000000 0.35912431
v 0.85730715 -1.00000000 0.35912431
v 0.90555534 -1.00000000 0.24264285
v 0.90555534 1.00000000 0.24264285
v 0.92201190 -1.00000000 0.11764285
v 0.92201190 1.00000000 0.11764285
v -0.92149925 -1.00000000 -0.37632454
v -0.98620400 -1.00000000 -0.13484308
v -0.92149925 1.00000000 -0.37632454
v -0.98620400 1.00000000 -0.13484308
v -0.85730715 1.00000000 -0.35912431
v -0.85730715 -1.00000000 -0.35912431
v -0.90555534 -1.00000000 -0.24264285
v -0.90555534 1.00000000 -0.24264285
v -0.92201190 -1.00000000 -0.11764285
v -0.92201190 1.00000000 -0.11764285
v -0.79528713 -0.95000000 -0.53146576
v -0.76553638 -0.95000000 -0.50863720
v -0.79528713 -0.82500000 -0.53146576
v -0.76553638 -0.82500000 -0.50863720
v -0.71919196 -0.95000000 -0.63063492
v -0.68944121 -0.95000000 -0.60780637
v -0.71919196 -0.82500000 -0.63063492
v -0.68944121 -0.82500000 -0.60780637
vt 1.1153618e-2 6.5913326e-2
vt 1.1153618e-2 0.45639046
vt 1.1153618e-2 0.45639046
vt 1.1153618e-2 6.5913326e-2
vt 5.8811008e-2 6.5913326e-2
vt 5.8811008e-2 6.5913326e-2
vt 5.8811008e-2 0.45639046
vt 5.8811008e-2 0.45639046
vt 0.10646840 6.5913326e-2
vt 0.10646840 0.45639046
vt 0.10646840 6.5913326e-2
vt 0.10646840 0.45639046
vt 0.15412579 6.5913326e-2
vt 0.15412579 6.5913326e-2
vt 0.15412579 0.45639046
vt 0.15412579 0.45639046
vt 0.20178318 6.5913326e-2
vt 0.20178318 6.5913326e-2
vt 0.20178318 0.45639046
vt 0.20178318 0.45639046
vt 0.24944057 6.5913326e-2
vt 0.24944057 6.5913326e-2
vt 0.24944057 0.45639046
vt 0.24944057 0.45639046
vt 0.29709796 6.5913326e-2
vt 0.29709796 6.5913326e-2
vt 0.29709796 0.45639046
vt 0.29709796 0.45639046
vt 0.34475535 6.5913326e-2
vt 0.34475535 6.5913326e-2
vt 0.34475535 0.45639046
vt 0.34475535 0.45639046
vt 0.39241274 6.5913326e-2
vt 0.39241274 6.5913326e-2
vt 0.39241274 0.45639046
vt 0.39241274 0.45639046
vt 0.44007013 6.5913326e-2
vt 0.44007013 6.5913326e-2
vt 0.44007013 0.45639046
vt 0.44007013 0.45639046
vt 0.48772752 6.5913326e-2
vt 0.48772752 6.5913326e-2
vt 0.48772752 0.45639046
vt 0.48772752 0.45639046
vt 0.53538491 6.5913326e-2
vt 0.53538491 6.5913326e-2
vt 0.53538491 0.45639046
vt 0.53538491 0.45639046
vt 0.58304230 6.5913326e-2
vt 0.58304230 6.5913326e-2
vt 0.58304230 0.45639046
vt 0.58304230 0.45639046
vt 0.60362030 0.17235980
vt 0.60362030 0.56098997
vt 0.60362030 0.17235980
vt 0.60362030 0.56098997
vt 0.61670420 0.56098997
vt 0.61670420 0.57414529
vt 0.61670420 0.56098997
vt 0.61670420 0.17235980
vt 0.61670420 0.57414529
vt 0.61670420 0.15961125
vt 0.61670420 0.15961125
vt 0.61670420 0.17235980
vt 0.64090251 0.57094071
vt 0.64090251 0.57094071
vt 0.64090251 0.16281582
vt 0.64090251 0.16281582
vt 0.66554118 0.56098997
vt 0.66554118 0.56098997
vt 0.66554118 0.15961125
vt 0.66554118 0.17235980
vt 0.66554118 0.57414529
vt 0.66554118 0.15961125
vt 0.66554118 0.17235980
vt 0.66554118 0.57414529
vt 0.67812115 0.17235980
vt 0.67812115 0.56098997
vt 0.67812115 0.56098997
vt 0.67812115 0.17235980
vt 0.94842593 0.73085987
vt 0.94842593 0.75522775
vt 0.94842593 0.73085987
vt 0.94842593 0.75522775
vt 0.95573629 0.72354950
vt 0.95573629 0.73085987
vt 0.95573629 0.75522775
vt 0.95573629 0.76253811
vt 0.95573629 0.72354950
vt 0.95573629 0.73085987
vt 0.95573629 0.75522775
vt 0.95573629 0.76253811
vt 0.98010417 0.72354950
vt 0.98010417 0.73085987
vt 0.98010417 0.75522775
vt 0.98010417 0.76253811
vt 0.98010417 0.72354950
vt 0.98010417 0.73085987
vt 0.98010417 0.75522775
vt 0.98010417 0.76253811
vt 0.98741454 0.73085987
vt 0.98741454 0.75522775
vt 0.98741454 0.73085987
vt 0.98741454 0.75522775
vn 0.0000000e+0 -1.00000000 0.0000000e+0
vn 0.79335334 0.0000000e+0 0.60876143
vn 0.60876143 0.0000000e+0 -0.79335334
vn 0.0000000e+0 -1.00000000 0.0000000e+0
vn 0.60876143 0.0000000e+0 -0.79335334
vn 0.0000000e+0 1.00000000 0.0000000e+0
vn 0.79335334 0.0000000e+0 0.60876143
vn 0.60876143 0.0000000e+0 -0.79335334
vn 0.0000000e+0 1.00000000 0.0000000e+0
vn 0.60876143 0.0000000e+0 -0.79335334
vn 0.0000000e+0 -1.00000000 0.0000000e+0
vn 0.79335334 0.0000000e+0 0.60876143
vn -0.60876143 0.0000000e+0 0.79335334
vn 0.0000000e+0 -1.00000000 0.0000000e+0
vn -0.60876143 0.0000000e+0 0.79335334
vn 0.0000000e+0 1.00000000 0.0000000e+0
vn 0.79335334 0.0000000e+0 0.60876143
vn -0.60876143 0.0000000e+0 0.79335334
vn 0.0000000e+0 1.00000000 0.0000000e+0
vn -0.60876143 0.0000000e+0 0.79335334
vn 1.00000000 0.0000000e+0 -2.3795816e-16
vn 1.00000000 0.0000000e+0 -2.3795816e-16
vn 0.96592583 0.0000000e+0 0.25881901
vn 0.96592583 0.0000000e+0 0.25881901
vn 0.86602543 0.0000000e+0 0.49999995
vn 0.86602543 0.0000000e+0 0.49999995
vn 0.70710683 0.0000000e+0 0.70710673
vn 0.70710683 0.0000000e+0 0.70710673
vn 0.50000005 0.0000000e+0 0.86602538
vn 0.50000005 0.0000000e+0 0.86602538
vn 0.25881908 0.0000000e+0 0.96592582
vn 0.25881908 0.0000000e+0 0.96592582
vn 1.6797046e-16 0.0000000e+0 1.00000000
vn 1.6797046e-16 0.0000000e+0 1.00000000
vn -0.25881908 0.0000000e+0 0.96592582
vn -0.25881908 0.0000000e+0 0.96592582
vn -0.50000005 0.0000000e+0 0.86602538
vn -0.50000005 0.0000000e+0 0.86602538
vn -0.70710683 0.0000000e+0 0.70710673
vn -0.70710683 0.0000000e+0 0.70710673
vn -0.86602543 0.0000000e+0 0.49999995
vn -0.86602543 0.0000000e+0 0.49999995
vn -0.96592583 0.0000000e+0 0.25881901
vn -0.96592583 0.0000000e+0 0.25881901
vn -1.00000000 0.0000000e+0 3.4993847e-16
vn -1.00000000 0.0000000e+0 3.4993847e-16
vn -0.96592583 0.0000000e+0 -0.25881901
vn -0.96592583 0.0000000e+0 -0.25881901
vn -0.86602543 0.0000000e+0 -0.49999995
vn -0.86602543 0.0000000e+0 -0.49999995
vn -0.70710683 0.0000000e+0 -0.70710673
vn -0.70710683 0.0000000e+0 -0.70710673
vn -0.50000005 0.0000000e+0 -0.86602538
vn -0.50000005 0.0000000e+0 -0.86602538
vn -0.25881908 0.0000000e+0 -0.96592582
vn -0.25881908 0.0000000e+0 -0.96592582
vn -4.7591632e-16 0.0000000e+0 -1.00000000
vn -4.7591632e-16 0.0000000e+0 -1.00000000
vn 0.25881908 0.0000000e+0 -0.96592582
vn 0.25881908 0.0000000e+0 -0.96592582
vn 0.50000005 0.0000000e+0 -0.86602538
vn 0.50000005 0.0000000e+0 -0.86602538
vn 0.70710683 0.0000000e+0 -0.70710673
vn 0.70710683 0.0000000e+0 -0.70710673
vn 0.86602543 0.0000000e+0 -0.49999995
vn 0.86602543 0.0000000e+0 -0.49999995
vn 0.96592583 0.0000000e+0 -0.25881901
vn 0.96592583 0.0000000e+0 -0.25881901
vn 1.00000000 0.0000000e+0 -2.3795816e-16
vn 1.00000000 0.0000000e+0 -2.3795816e-16
vn 0.96592583 0.0000000e+0 0.25881901
vn 0.96592583 0.0000000e+0 0.25881901
vn 0.86602543 0.0000000e+0 0.49999995
vn 0.86602543 0.0000000e+0 0.49999995
vn 0.70710683 0.0000000e+0 0.70710673
vn 0.70710683 0.0000000e+0 0.70710673
vn 0.50000005 0.0000000e+0 0.86602538
vn 0.50000005 0.0000000e+0 0.86602538
vn 0.25881908 0.0000000e+0 0.96592582
vn 0.25881908 0.0000000e+0 0.96592582
vn 1.6797046e-16 0.0000000e+0 1.00000000
vn 1.6797046e-16 0.0000000e+0 1.00000000
vn -0.25881908 0.0000000e+0 0.96592582
vn -0.25881908 0.0000000e+0 0.96592582
vn -0.50000005 0.0000000e+0 0.86602538
vn -0.50000005 0.0000000e+0 0.86602538
vn -0.70710683 0.0000000e+0 0.70710673
vn -0.70710683 0.0000000e+0 0.70710673
vn -0.86602543 0.0000000e+0 0.49999995
vn -0.86602543 0.0000000e+0 0.49999995
vn -0.96592583 0.0000000e+0 0.25881901
vn -0.96592583 0.0000000e+0 0.25881901
vn -1.00000000 0.0000000e+0 3.4993847e-16
vn -1.00000000 0.0000000e+0 3.4993847e-16
vn -0.96592583 0.0000000e+0 -0.25881901
vn -0.96592583 0.0000000e+0 -0.25881901
vn -0.86602543 0.0000000e+0 -0.49999995
vn -0.86602543 0.0000000e+0 -0.49999995
vn -0.70710683 0.0000000e+0 -0.70710673
vn -0.70710683 0.0000000e+0 -0.70710673
vn -0.50000005 0.0000000e+0 -0.86602538
vn -0.50000005 0.0000000e+0 -0.86602538
vn -0.25881908 0.0000000e+0 -0.96592582
vn -0.25881908 0.0000000e+0 -0.96592582
vn -4.7591632e-16 0.0000000e+0 -1.00000000
vn -4.7591632e-16 0.0000000e+0 -1.00000000
vn 0.25881908 0.0000000e+0 -0.96592582
vn 0.25881908 0.0000000e+0 -0.96592582
vn 0.50000005 0.0000000e+0 -0.86602538
vn 0.50000005 0.0000000e+0 -0.86602538
vn 0.70710683 0.0000000e+0 -0.70710673
vn 0.70710683 0.0000000e+0 -0.70710673
vn 0.86602543 0.0000000e+0 -0.49999995
vn 0.86602543 0.0000000e+0 -0.49999995
vn 0.96592583 0.0000000e+0 -0.25881901
vn 0.96592583 0.0000000e+0 -0.25881901
vn 0.0000000e+0 -1.00000000 0.0000000e+0
vn 0.96592584 1.3877788e-17 0.25881901
vn 0.0000000e+0 -1.00000000 0.0000000e+0
vn -0.25881908 3.9970404e-17 0.96592582
vn 0.0000000e+0 -1.00000000 0.0000000e+0
vn 0.96592584 1.3877788e-17 0.25881901
vn 0.25881908 -4.0786127e-17 -0.96592582
vn 0.0000000e+0 -1.00000000 0.0000000e+0
vn 0.96592584 1.3877788e-17 0.25881901
vn 0.0000000e+0 1.00000000 0.0000000e+0
vn -0.25881908 3.9970404e-17 0.96592582
vn 0.0000000e+0 1.00000000 0.0000000e+0
vn 0.96592584 1.3877788e-17 0.25881901
vn 0.0000000e+0 1.00000000 0.0000000e+0
vn 0.25881908 -4.0786127e-17 -0.96592582
vn 0.0000000e+0 1.00000000 0.0000000e+0
vn -0.25881908 3.9970404e-17 0.96592582
vn 0.0000000e+0 1.00000000 0.0000000e+0
vn 0.0000000e+0 -1.00000000 0.0000000e+0
vn -0.25881908 3.9970404e-17 0.96592582
vn 0.0000000e+0 -1.00000000 0.0000000e+0
vn 0.0000000e+0 -1.00000000 0.0000000e+0
vn 0.0000000e+0 -1.00000000 0.0000000e+0
vn 0.0000000e+0 1.00000000 0.0000000e+0
vn 0.0000000e+0 1.00000000 0.0000000e+0
vn 0.0000000e+0 1.00000000 0.0000000e+0
vn 0.25881908 -4.0786127e-17 -0.96592582
vn 0.0000000e+0 -1.00000000 0.0000000e+0
vn 0.0000000e+0 1.00000000 0.0000000e+0
vn 0.25881908 -4.0786127e-17 -0.96592582
vn 0.0000000e+0 -1.00000000 0.0000000e+0
vn -0.96592584 1.3877788e-17 -0.25881901
vn 0.0000000e+0 -1.00000000 0.0000000e+0
vn 0.25881908 3.9970404e-17 -0.96592582
vn 0.0000000e+0 -1.00000000 0.0000000e+0
vn -0.96592584 1.3877788e-17 -0.25881901
vn -0.25881908 -4.0786127e-17 0.96592582
vn 0.0000000e+0 -1.00000000 0.0000000e+0
vn -0.96592584 1.3877788e-17 -0.25881901
vn 0.0000000e+0 1.00000000 0.0000000e+0
vn 0.25881908 3.9970404e-17 -0.96592582
vn 0.0000000e+0 1.00000000 0.0000000e+0
vn -0.96592584 1.3877788e-17 -0.25881901
vn 0.0000000e+0 1.00000000 0.0000000e+0
vn -0.25881908 -4.0786127e-17 0.96592582
vn 0.0000000e+0 1.00000000 0.0000000e+0
vn 0.25881908 3.9970404e-17 -0.96592582
vn 0.0000000e+0 1.00000000 0.0000000e+0
vn 0.0000000e+0 -1.00000000 0.0000000e+0
vn 0.25881908 3.9970404e-17 -0.96592582
vn 0.0000000e+0 -1.00000000 0.0000000e+0
vn 0.0000000e+0 -1.00000000 0.0000000e+0
vn 0.0000000e+0 -1.00000000 0.0000000e+0
vn 0.0000000e+0 1.00000000 0.0000000e+0
vn 0.0000000e+0 1.00000000 0.0000000e+0
vn 0.0000000e+0 1.00000000 0.0000000e+0
vn -0.25881908 -4.0786127e-17 0.96592582
vn 0.0000000e+0 -1.00000000 0.0000000e+0
vn 0.0000000e+0 1.00000000 0.0000000e+0
vn -0.25881908 -4.0786127e-17 0.96592582
vn 0.0000000e+0 -1.00000000 0.0000000e+0
vn -0.79335334 0.0000000e+0 -0.60876143
vn -0.60876143 0.0000000e+0 0.79335334
vn 0.0000000e+0 -1.00000000 0.0000000e+0
vn -0.60876143 0.0000000e+0 0.79335334
vn 0.0000000e+0 1.00000000 0.0000000e+0
vn -0.79335334 0.0000000e+0 -0.60876143
vn -0.60876143 0.0000000e+0 0.79335334
vn 0.0000000e+0 1.00000000 0.0000000e+0
vn -0.60876143 0.0000000e+0 0.79335334
vn 0.0000000e+0 -1.00000000 0.0000000e+0
vn -0.79335334 0.0000000e+0 -0.60876143
vn 0.60876143 0.0000000e+0 -0.79335334
vn 0.0000000e+0 -1.00000000 0.0000000e+0
vn 0.60876143 0.0000000e+0 -0.79335334
vn 0.0000000e+0 1.00000000 0.0000000e+0
vn -0.79335334 0.0000000e+0 -0.60876143
vn 0.60876143 0.0000000e+0 -0.79335334
vn 0.0000000e+0 1.00000000 0.0000000e+0
vn 0.60876143 0.0000000e+0 -0.79335334
g 1_image
usemtl image
s 1
f 3/90/7 7/98/17 5/99/12 1/91/2
f 58/72/123 65/77/143 66/78/146 60/69/131
f 59/57/127 61/54/133 62/53/136 57/60/120
f 68/75/152 70/70/159 69/59/155 67/64/148
f 77/87/177 81/95/187 82/96/190 78/88/180
f 80/85/185 84/93/195 83/94/192 79/86/182
s 2
f 1/91/1 5/99/11 6/100/14 2/92/4
f 4/89/9 8/97/19 7/98/16 3/90/6
f 9/2/21 33/1/69 56/5/115 32/8/67
f 10/48/24 34/46/72 33/50/70 9/52/22
f 11/44/26 35/42/74 34/46/71 10/48/23
f 12/39/28 36/38/76 35/42/73 11/44/25
f 13/35/30 37/34/78 36/38/75 12/39/27
f 14/31/32 38/30/80 37/34/77 13/35/29
f 15/27/34 39/26/82 38/30/79 14/31/31
f 16/23/36 40/22/84 39/26/81 15/27/33
f 17/19/38 41/18/86 40/22/83 16/23/35
f 18/15/40 42/14/88 41/18/85 17/19/37
f 19/10/42 43/9/90 42/14/87 18/15/39
f 20/7/44 44/6/92 43/9/89 19/10/41
f 21/3/46 45/4/94 44/6/91 20/7/43
f 22/47/48 46/45/96 45/49/93 21/51/45
f 23/43/50 47/41/98 46/45/95 22/47/47
f 24/40/52 48/37/100 47/41/97 23/43/49
f 25/36/54 49/33/102 48/37/99 24/40/51
f 26/32/56 50/29/104 49/33/101 25/36/53
f 27/28/58 51/25/106 50/29/103 26/32/55
f 28/24/60 52/21/108 51/25/105 27/28/57
f 29/20/62 53/17/110 52/21/107 28/24/59
f 30/16/64 54/13/112 53/17/109 29/20/61
f 31/12/66 55/11/114 54/13/111 30/16/63
f 32/8/68 56/5/116 55/11/113 31/12/65
f 58/72/122 60/69/129 59/57/125 57/60/118
f 67/64/147 73/68/167 68/75/151
f 70/70/162 74/66/171 69/59/156
f 71/61/164 69/59/158 74/66/172
f 73/68/168 67/64/149 72/63/165
f 74/66/170 70/70/160 76/76/175
f 75/74/174 68/75/154 73/68/169
f 79/86/183 83/94/193 81/95/188 77/87/178
s 3
f 2/84/5 4/83/10 3/90/8 1/91/3
f 5/99/13 7/98/18 8/103/20 6/104/15
f 57/60/117 63/67/137 58/72/121
f 60/69/132 64/65/141 59/57/126
f 61/58/134 59/57/128 64/65/142
f 63/67/138 57/60/119 62/62/135
f 64/65/140 60/69/130 66/73/145
f 65/71/144 58/72/124 63/67/139
f 68/75/153 75/80/173 76/79/176 70/70/161
f 69/59/157 71/56/163 72/55/166 67/64/150
f 78/82/181 80/81/186 79/86/184 77/87/179
f 81/95/189 83/94/194 84/101/196 82/102/191
